NA NA 0.389773961052436 0.167365416683432 NA NA -0.107003763768884 NA 0.27952999299616 NA NA NA 0.00946240907700015 NA NA NA NA NA NA 0.14702826134816 NA NA NA -0.0525123845025707 NA -0.0336298668591058 0.179412588826766 NA NA NA NA NA NA NA NA NA NA NA NA NA NA NA NA NA NA NA NA NA NA NA 0.0066795228824685 -0.0523993607316411 -0.0298304813499172 NA NA 0.164699134975877 NA NA NA -0.00875398433566322 NA NA NA NA
NA -0.0522799582342846 0.31350805681334 0.121425029831267 NA NA -0.217462938759093 -0.0552478916419177 0.405721985561169 NA NA NA NA NA NA NA NA NA 0.10098903527285 0.16744175744391 NA NA NA NA NA NA 0.0623895319710741 NA NA NA NA NA NA NA NA 0.0102367974072466 NA NA NA NA NA NA NA 0.0998265896727606 NA NA NA NA NA NA NA -0.314547406677879 NA 0.0225846569729659 NA 0.210439002293008 0.0728644841589548 NA NA NA NA NA NA NA
NA -0.120837628107011 0.343469869028894 0.157973977221705 NA NA -0.238669477385018 NA 0.315021405898443 NA NA NA NA NA NA NA NA NA 0.103359474001681 0.0684707063219079 NA NA NA NA NA NA 0.0658072547342153 NA NA NA NA NA NA NA NA 0.0254806084329156 NA -0.0110951046384703 NA NA 0.0545318004225308 NA NA NA NA NA NA NA NA NA -0.0107605128233079 -0.3496128801015 NA NA NA 0.271373197475997 NA NA NA 0.0437205583417845 NA NA NA NA
NA -0.105828470377108 0.364141711472349 0.142245595870151 NA NA -0.139670129122887 NA 0.331852020863802 NA NA NA NA NA NA NA NA NA 0.112446207768493 0.140533501653927 NA NA NA NA NA NA 0.0917386288570067 NA 0.0760232343873369 NA NA NA NA NA NA NA NA NA NA NA NA NA NA NA NA NA NA NA NA NA NA -0.161698618694844 NA NA NA 0.179737786845785 NA NA NA NA NA NA NA NA
NA -0.138235894232127 0.313412993910504 0.229996110584334 NA NA -0.276083911597254 NA 0.275329287802556 NA NA NA NA NA NA NA NA NA 0.0581968171178158 0.179357730903724 NA NA NA NA NA NA 0.112571937152599 NA NA NA NA NA NA NA NA NA NA -0.0303735487265216 NA NA NA NA NA NA NA NA NA NA NA NA NA -0.370727702163218 NA NA NA 0.326134623913686 0.116854740139375 NA NA NA NA NA NA NA
0.0820984518615286 -0.0915942486509188 0.437876124088725 0.0636004269441119 NA NA -0.10022827606306 NA 0.370445960184812 NA NA NA NA NA NA NA NA NA NA 0.122824073860818 -0.00261557870732527 NA NA -0.0649862336044396 NA 0.00692836937440858 0.0115582885465477 NA NA NA NA NA NA NA NA NA NA NA -0.0686812822556672 NA NA NA 0.0493721333176886 NA NA NA NA NA NA NA NA NA NA NA NA NA NA NA NA NA NA NA NA NA
NA -0.043934609008049 0.440958764804256 0.14844521075051 NA NA NA NA 0.359721900036483 NA NA NA NA NA NA NA NA NA NA 0.13648499977692 NA NA NA NA NA NA 0.00412095463976984 NA NA NA NA NA NA NA 0.0515192840341868 NA NA NA NA NA NA NA NA 0.125672686280882 NA NA NA NA NA NA NA NA NA NA NA NA NA NA -0.0166327686650385 NA NA NA NA NA
NA NA 0.32176678361226 0.169413745361353 NA NA -0.176617693878509 NA 0.224060380534136 -0.000427229112722548 NA NA NA NA NA NA NA NA NA 0.0694287856454369 NA 0.131759856041949 NA -0.119471699204801 NA NA 0.0560843527534673 0.0335676307842712 0.0670389017621078 NA NA NA NA NA NA 0.0134535214543801 NA NA NA NA NA NA NA NA NA NA NA NA NA NA NA NA NA NA NA NA NA NA NA NA NA NA NA NA
NA NA 0.3681920517391 0.201412524793295 -0.115394333380217 NA NA 0.112544838297005 0.323469779816229 NA NA NA NA NA NA NA NA NA 0.123644285900831 NA NA 0.0380335942282267 NA NA NA NA NA NA NA 0.110839549443764 NA 0.00228174040824404 NA NA NA NA NA NA NA NA NA NA NA NA NA NA NA NA NA NA NA NA NA NA NA NA NA NA NA NA NA NA NA NA
-0.0685867645959944 NA 0.3392845339806 0.175057685329496 -0.0882931066525673 NA NA 0.133579926645205 0.317464634770318 NA NA NA NA NA NA NA NA NA NA 0.182446397297495 NA NA NA NA NA NA NA NA NA NA NA NA NA NA NA NA NA NA NA NA NA NA NA NA NA NA NA NA NA NA 0.0520206272180682 NA NA NA NA NA NA NA NA NA NA 0.0129852384576485 NA NA
NA -0.0951566523090954 0.329709691665287 0.217684082960501 -0.00544817650170232 NA -0.212157633717115 -0.115742506687934 0.28707465194331 NA NA 0.0250821281082557 NA NA NA NA 0.0953130468168928 NA NA 0.158703757665846 NA NA NA -0.0139711351860341 NA NA NA NA NA NA NA NA NA 0.0397068307426641 NA NA NA NA NA NA NA NA NA NA NA NA NA 0.0624995487467912 NA NA NA NA NA NA NA NA NA NA NA NA NA NA NA NA
0.0407405744317264 -0.160555322838321 0.323995729989475 0.159828452193624 -5.20607675588938 4.49695841880147 1.77672389481866 NA 2.17450338473153 NA 0.0538409707918113 0.0719499548334202 NA NA NA NA NA 0.636823142254714 NA 0.182298464774286 NA NA NA NA NA NA NA NA 0.0564686995332333 0.0165072711751936 -0.0674231877984497 NA NA NA NA NA NA NA NA NA NA NA NA NA NA NA 0.0881089955214195 NA NA NA NA NA NA NA NA NA NA NA NA NA NA NA NA NA
NA -0.148530241048613 0.278311972774179 0.242446393762541 -3.06761373450001 2.63690174223455 0.909348968437159 NA 1.43387600469997 NA NA NA NA NA NA NA NA 0.341660966726116 NA 0.116671106623591 NA NA NA NA NA NA 0.0839939332850431 NA NA NA NA NA NA NA NA NA NA NA NA NA NA NA NA NA NA -0.0624425772532048 NA NA NA NA NA NA NA NA NA NA NA NA NA NA NA NA -0.00618724597135879 NA
NA -0.0440939697164397 0.301306453470649 0.0701562189872408 -3.64556427888432 3.11854179446035 1.16941113822337 NA 1.62205340821167 NA NA NA NA NA -0.0806911731674748 NA NA 0.363735761542848 NA 0.110662047911149 NA NA NA -0.0791635386304815 NA NA 0.214432570942336 NA NA 0.0370941152201066 NA NA -0.0281532040242391 NA NA NA 0.0928034921681827 NA NA NA NA 0.0174990471148949 NA NA NA NA NA NA NA NA NA NA NA NA NA NA NA NA NA NA NA NA NA NA
NA -0.148716606219489 0.363750674072985 0.203695091929157 -0.483152741113953 0.324938793948799 NA NA 0.489100893275119 NA NA NA NA NA NA NA NA NA NA 0.111547356042128 -0.0291268512624389 NA NA NA -0.0350489350565363 NA NA -0.000797462436528326 NA NA NA NA NA NA -0.0246812810771241 NA NA NA NA -0.0332877862950772 NA NA 0.0919674475512485 NA NA NA NA NA NA NA NA NA NA NA NA NA NA NA NA NA NA NA NA NA
NA -0.199442617564555 0.307295952856332 0.226036194034277 -0.458003733699254 0.341790215463398 NA NA 0.482197845275255 NA NA NA NA NA NA NA NA NA NA 0.137666722679056 NA NA NA NA NA NA NA NA NA NA NA NA NA NA NA NA NA NA NA NA NA NA NA NA NA NA NA NA NA NA NA -0.0599040787862063 NA NA NA NA NA NA NA NA NA NA NA 0.0351284470920687
NA -0.134960031172742 0.344985729805164 0.176043949493383 -0.384716190870169 0.288450634982732 NA NA 0.457623697664863 NA NA NA NA NA NA NA NA NA NA 0.0819150912115204 NA NA NA NA NA NA NA NA -0.0133836842948208 NA NA NA NA NA NA NA NA NA NA NA NA 0.0979226552008061 NA NA NA NA NA 0.0688777168910014 NA NA NA NA NA NA NA -0.019421694434846 NA NA NA NA NA NA NA NA
NA NA 0.412684542723987 0.160430111125813 -0.299900021360481 0.236559125920467 NA NA 0.404807640654187 NA NA NA NA NA NA NA NA NA NA 0.0808979461349353 NA NA NA NA NA NA NA NA NA NA NA NA NA NA NA NA NA NA NA NA NA NA NA NA NA NA NA 0.116514636895121 NA NA NA NA NA NA NA NA NA NA NA NA NA NA NA NA
NA -0.138527152810772 0.336521104880954 0.169470014862132 -0.638045105039157 0.497297751603823 NA NA 0.521303414634021 NA NA 0.0719546253041817 NA NA NA NA NA NA NA 0.132401766418415 NA NA -0.0414721299137652 NA NA NA NA NA NA NA NA NA NA NA NA NA NA NA NA NA NA NA NA 0.00596465013963527 NA NA NA 0.103387424897848 NA NA NA NA NA NA -0.0823742962720234 NA NA NA NA NA NA NA NA NA
NA NA 0.31345282050668 0.109814408120508 -0.284079667100417 0.189534309322868 NA NA 0.405867621821593 NA NA 0.0718740809673188 NA -0.0303468638321313 NA NA NA NA NA 0.1166098327249 NA -0.00193640287743817 0.13711917412312 -0.16986364526108 NA NA 0.0927596870363561 NA NA NA NA NA NA NA NA NA NA NA NA NA NA -0.0368465320815909 0.045468992103694 NA NA 0.0535996540970314 NA NA NA NA NA NA NA NA NA NA NA NA NA NA NA NA NA -0.000992458064095935
NA -0.0185783797359701 0.364250945387486 0.138807313373998 -0.652559256629469 0.496052179021012 NA NA 0.492114902184721 0.0163974729875062 NA NA 0.0869878157922333 NA NA NA NA NA NA 0.136265790080825 NA NA NA NA NA NA NA 0.0754849266761235 NA NA NA NA NA NA NA NA NA NA NA NA -0.0130319121056133 NA NA 0.0239135447943536 NA NA NA NA NA NA NA NA NA NA NA NA NA NA NA -0.0559748566837884 NA NA NA 0.0421378825399106
NA -0.0774368794324572 0.28994225568919 0.214631698831168 -4.23363743738285 3.6585940669989 1.49918706426275 0.0995390727287611 1.82154351212395 NA NA 0.0819237526252411 NA NA NA NA NA 0.546685600537347 NA 0.164239839389785 NA NA NA NA NA NA NA NA NA NA NA NA NA NA NA NA NA -0.0888204236434332 NA NA NA NA NA 0.030381822171095 NA NA NA NA NA NA NA NA NA NA NA NA NA NA NA NA NA NA NA NA
NA -0.115699258624378 0.336216686631447 0.200453231112076 -0.400134146875475 0.180168093095521 -0.00432857431540093 NA 0.479077968263953 NA NA NA NA NA NA NA NA NA NA 0.0284728925033877 NA NA NA NA NA NA NA 0.122165999934913 NA 0.118460855970218 NA NA NA NA NA NA NA NA NA NA NA NA NA NA NA NA NA NA NA NA NA -0.0330510385466882 NA NA NA NA NA NA NA NA NA NA NA NA
NA NA 0.27987464931033 0.18121137688404 0.777032334161331 -0.691204140435683 -0.42267901960203 NA NA NA NA NA NA NA NA NA NA -0.132231984480368 NA 0.160020521259633 NA NA -0.136072741875151 NA NA NA 0.147956948497613 NA NA NA NA NA NA NA NA NA NA NA NA NA 0.0835685847933707 NA NA NA NA NA NA NA NA NA NA NA NA NA NA NA NA NA NA NA NA NA NA NA
NA -0.116241678841111 0.28936907841686 0.242815407575695 -5.18496691928391 4.53430935312956 1.81336357394585 NA 2.1176132032848 NA NA NA NA NA NA NA NA 0.56914723292764 NA 0.0840713546980981 NA 0.0865525480441209 NA -0.0253428922095352 NA NA NA NA NA NA NA NA 0.0565809055876222 NA NA NA NA NA NA NA NA NA NA NA NA NA NA NA NA NA NA NA NA NA NA NA NA NA NA NA NA NA NA 0.189440801184685
NA -0.126201720996489 0.251611374272865 0.172725755060824 -7.63546064196957 6.61419393625982 2.74489216861666 NA 2.90730291289221 0.155579059631159 NA 0.109292487579742 NA NA NA NA 0.186788185439989 0.812801435518799 NA 0.170394944779308 NA 0.150389088673857 NA NA NA NA NA NA NA NA NA NA NA NA NA NA NA NA NA NA NA NA NA NA NA NA NA NA NA NA NA NA 0.339779914706838 NA NA -0.192336446731876 -0.282766580804503 0.0715900475547975 NA NA NA NA NA NA
NA -0.104514580752337 0.351531470125955 0.192760883294612 -3.89178734859926 3.36569463127671 1.34827162444155 NA 1.67751016466404 NA NA 0.0229309012269689 NA NA NA NA NA 0.409544042194893 NA 0.147533914334018 NA NA NA NA NA NA NA NA NA NA NA NA NA 0.0569549480026791 NA 0.00284571530139936 NA NA NA NA NA NA NA NA NA NA NA NA NA NA NA NA NA 0.0441032803563979 NA NA NA NA NA NA NA NA NA 0.135283167199806
NA -0.131476831375854 0.376191649085736 0.169316240317283 NA -0.0553335541655606 -0.289249107264208 -0.0469877556060462 0.254082123549428 NA NA NA NA NA NA NA NA NA 0.00388715034316141 0.106376482709106 NA NA NA NA NA NA NA NA NA NA NA -0.039344038865553 NA NA NA NA 0.126216422721949 NA NA NA NA NA NA NA NA NA NA NA NA NA NA NA NA NA NA NA 0.0167068914327707 NA NA NA NA NA NA NA
NA -0.110767622225893 0.430842339911123 0.233743771079982 NA -0.207553456341593 NA 0.139750103736015 0.314812224039498 NA 0.150295114816236 NA NA 0.038489916590657 NA NA NA -0.132273041641504 NA NA NA NA -0.0565361251273014 NA NA NA NA NA NA NA NA NA NA NA NA NA NA NA NA NA NA NA NA NA NA NA NA 0.0115687824920769 NA NA NA NA 0.0711504549701979 NA NA NA NA NA NA NA NA -0.00333531548801794 NA NA
NA -0.10405745981196 0.33968424988762 0.21696027304738 NA -0.16647302044803 NA 0.30198695067492 0.183660982820884 NA -0.0184247088116769 NA NA NA NA NA NA -0.19211936732819 NA NA NA NA 0.0559272793219662 NA NA NA 0.0473147280950169 NA NA 0.064761857282144 NA NA NA NA 0.0120724438514927 NA NA NA NA NA NA NA 0.0481467633603551 NA NA NA NA 0.104261548128824 NA NA NA NA NA NA NA NA NA -0.0118454677088001 NA NA NA NA NA NA
NA NA 0.275005813266075 0.181369114606836 NA -0.20345556195061 NA 0.235622833845896 0.328755100623721 NA NA 0.0991624825275467 NA NA NA NA NA NA NA 0.174120785830158 NA NA NA NA NA NA 0.0759516991873685 NA NA NA NA NA NA NA NA NA NA NA NA NA NA NA NA NA NA NA NA NA NA NA NA NA NA NA NA NA NA NA NA 0.087951040246507 NA NA NA NA
NA -0.0965606859066456 0.387520920720835 0.156742697746437 NA NA -0.133711926957543 NA 0.358377831653379 NA NA NA NA NA NA NA NA NA NA 0.156573093986806 NA NA NA NA NA NA NA NA NA NA NA NA NA NA NA NA NA NA NA NA NA NA NA 0.079437440928859 NA NA NA NA NA NA NA -0.0746014560171133 NA NA NA NA NA NA NA 0.0892388932666381 NA NA NA NA
NA -0.145463094456947 0.298366586930807 0.157095122058222 NA NA -0.261601160374013 NA 0.31612151392612 NA NA NA NA NA NA NA NA NA 0.0866425374254011 0.204725999608374 NA NA NA NA NA NA 0.0756135140722986 NA NA NA NA NA NA NA NA NA 0.127456244690929 NA NA NA NA NA NA NA NA NA NA NA NA NA NA NA NA NA NA NA 0.090706699750527 NA -0.126579022791277 NA NA -0.13789874299259 NA NA
NA -0.0999381404108591 0.312792330876075 0.119781864846686 0.0323339552393291 NA -0.27305602906064 NA 0.279658624736313 NA NA NA NA -0.196660795008088 NA NA NA NA 0.0507112712737096 NA NA NA NA NA NA NA 0.114533203335477 NA NA NA NA NA NA NA NA NA 0.07181261426215 NA NA NA NA NA NA NA NA NA NA NA NA 0.148908272175813 NA NA NA NA NA NA 0.0868170294626322 NA -0.11740462610422 NA NA -0.110239801961275 NA NA
NA -0.089166123212158 0.432568203985916 0.168637237109015 NA NA -0.111917921732938 NA 0.231890147644763 NA NA 0.0160505625128832 NA NA NA NA NA NA NA 0.114588224737629 NA NA NA NA NA -0.00335466840400174 0.115927669321613 NA NA NA NA NA NA NA NA 0.0487091682412601 NA 0.0202036812758311 NA NA NA NA NA NA NA NA NA NA NA NA NA NA NA NA NA NA NA 0.0524502372289566 NA NA NA NA NA NA
NA NA 0.298336908777827 0.147110031450814 NA NA -0.128362159872931 0.0461247621697371 0.246664806323 NA NA 0.0978047525379178 NA NA NA NA NA NA NA 0.157433540075612 NA NA NA -0.125079712327617 NA NA 0.0977441614672876 NA NA NA NA NA NA NA NA NA NA NA NA NA NA NA NA 0.0122605410670071 NA NA NA NA NA NA NA NA -0.0414438388728861 NA NA NA NA NA NA NA NA NA NA NA
NA -0.150212729077346 0.297387127076851 0.189764262298898 NA NA -0.167755266303526 NA 0.315301704806795 NA NA NA NA NA NA NA NA -0.122930587015807 NA 0.125321970255919 NA NA NA -0.105167575224072 NA NA 0.101146948078537 NA NA NA NA NA NA -0.0112982793716362 NA NA NA NA NA NA NA NA 0.0456369772647595 0.0277777869316665 NA NA NA NA NA NA NA NA -0.0913773084287372 NA NA NA 0.127304958178187 NA NA NA NA NA NA 0.125853617901242
NA -0.125944340581093 0.254104619667422 0.19826299174481 NA NA -0.208549230827997 NA 0.388549082716214 NA NA NA NA NA NA NA NA 0.362731644835134 NA 0.0989019303273541 NA NA -0.0765628330093745 NA NA NA 0.128341541585016 NA 0.0382433119289791 NA NA NA 0.036727618973538 NA NA NA NA NA NA NA NA NA 0.0474042457028933 NA NA NA NA NA NA NA 0.0140191415979844 NA -0.739004900263146 NA NA NA 0.54969122821624 NA NA 0.21816678964039 NA -0.00284358062513283 0.0882848236283618 NA
NA -0.165119081567482 0.27123097149366 0.245358372238523 NA NA -0.192403004768725 NA 0.364152633092456 NA NA NA NA NA NA NA NA -0.0325554119190952 NA 0.13753416163754 0.0553453426557744 -0.0352591923728542 NA NA NA NA NA NA NA 0.0249655643377181 NA NA NA NA NA NA NA 0.103291114637759 NA NA NA 0.0181714960144207 NA 0.0153062271848909 NA NA NA NA NA NA 0.0377950412061989 -0.0717601268173813 0.0128050453124549 NA NA NA NA NA -0.145452772192074 NA NA NA NA NA
NA NA 0.30238436556595 0.24490153059923 NA NA -0.111674951752468 NA 0.313970200458104 NA NA NA NA NA NA NA NA NA 0.0379645765936223 NA NA 0.0467038833143363 NA NA -0.0205584132911878 NA NA NA NA NA 0.196644905776511 -0.221253778148407 NA 0.149807573950561 NA NA NA NA NA NA NA NA NA NA NA NA NA NA NA NA NA NA NA NA NA NA NA NA NA NA NA NA NA NA
NA -0.125376017389616 0.367986026908001 0.240221406029047 -0.0104919222368021 NA -0.194337590492018 NA 0.243939118683593 NA NA NA NA NA NA NA NA NA NA 0.0793438898430425 NA NA NA NA NA NA NA NA NA NA NA NA NA NA NA 0.0799579605262 NA NA NA NA NA NA 0.0888425615852394 NA NA NA NA NA NA 0.0103413712310097 NA NA NA NA NA NA NA NA NA NA NA NA 0.0758715605623463 NA
NA -0.0781285445417136 0.280497711704721 0.160744721638118 -0.125909437018563 NA -0.117034446850536 NA 0.367630137817884 NA NA NA NA NA NA NA NA NA NA 0.0853586714829075 NA NA NA NA NA NA NA NA NA NA NA NA NA NA NA 0.10163168866176 NA -0.0990145504097634 NA NA NA 0.0922212709125053 NA NA NA NA NA NA NA NA NA NA NA NA NA NA NA NA NA NA NA NA NA NA
NA -0.117140612352065 0.373628993202529 0.179260511021651 NA NA -0.165170590852247 NA 0.262337311109482 NA NA NA NA NA NA NA NA -0.183494372295805 NA 0.0678986279824035 NA NA NA NA NA NA NA NA NA NA NA NA NA NA NA NA NA NA NA NA NA NA 0.0989885771764351 NA NA NA -0.0482662736051275 0.152507094778493 NA NA NA NA NA NA NA -0.00347244364657405 NA NA NA NA NA NA NA NA
NA -0.0759164234149726 0.287569965431834 0.169849922782287 -1.19991417541508 0.949073449676284 0.361159368711232 0.122703342190107 0.773797040510231 NA NA NA NA NA NA NA NA NA NA 0.112667673727395 NA NA NA NA NA NA NA NA NA 0.0462600502185359 NA NA NA NA NA NA NA NA NA NA NA NA NA NA NA NA NA 0.194831644833478 NA NA NA NA NA NA NA NA NA NA NA NA NA -0.00624585972431936 NA NA
NA NA 0.309503113905028 0.189274974480314 NA NA -0.0991460653999153 NA 0.281693609300052 NA NA NA NA NA NA NA NA NA NA NA NA NA NA NA 0.0185019615614074 NA NA 0.128963933153138 NA 0.0861982523682606 NA NA NA NA NA NA NA NA NA NA NA NA NA NA NA NA NA NA NA NA NA NA NA NA NA NA NA NA NA NA NA NA 0.125007878706015 NA
NA NA 0.408190075075063 0.172641590630889 NA NA NA NA 0.32111013825658 NA NA NA NA NA NA NA NA NA NA 0.0977303265928274 NA NA NA NA NA NA NA NA NA 0.0487771988009786 NA NA NA NA NA 0.0128976288369395 0.0644897679587229 NA NA NA NA NA NA NA NA NA NA NA NA NA NA NA NA NA NA NA NA NA NA NA NA -0.0693762185745222 NA 0.0831970498856973
NA NA 0.372223224673109 0.146711758080379 NA NA NA NA 0.351951233844227 NA NA NA NA NA NA NA NA NA 0.0426724673089907 0.167629193874028 NA NA NA -0.0916141343694408 NA NA NA 0.11646640884982 0.0359554814247811 NA NA NA NA NA NA NA NA NA NA NA NA NA NA NA NA NA NA NA NA NA NA NA NA NA NA NA NA NA 0.0945012234289498 NA NA NA NA NA
NA NA 0.358240386323317 0.196214785929474 NA NA NA NA 0.265203746890536 NA NA NA NA NA NA NA NA NA NA 0.142628305132683 NA 0.0944936773762681 NA NA NA NA NA NA NA NA NA NA NA NA NA NA NA NA NA NA NA NA 0.124998142895202 0.0146224033569297 NA NA NA NA NA NA NA NA NA NA NA NA NA NA NA NA NA NA NA NA
NA NA 0.429182589879071 0.118153063365154 -1.1830692345745 0.957143854166057 0.283408305876194 NA 0.710965131208277 NA NA NA NA NA NA NA NA NA NA NA NA 0.0745463106751733 NA NA NA NA NA NA NA NA NA NA NA NA NA NA NA NA NA NA NA NA NA NA NA NA NA NA NA -0.0868971836684706 NA NA NA NA NA NA NA NA NA NA NA NA NA 0.147194254465037
NA -0.124158475217926 0.285195165462851 0.175356205619741 NA -0.140103482857491 -0.202954153821614 NA 0.303521124035184 0.100169331717828 NA 0.113968911613912 NA NA NA NA NA NA NA 0.129227244551053 NA NA NA NA NA NA NA NA NA NA NA NA NA NA NA NA NA NA NA NA NA NA NA 0.0619320333960995 NA NA NA NA NA NA NA NA NA NA -0.0502988995614831 NA NA NA NA NA NA NA NA NA
NA -0.0768479585680306 0.277941043049454 0.121014821394397 -5.02087074667461 4.34972180248489 1.68904321809826 NA 2.16109433427698 0.0664911720326406 NA 0.0507938968627666 0.000823345328395307 NA NA NA NA 0.556709426743613 NA 0.186472227448989 NA NA NA -0.123926988667847 NA NA 0.175772554476055 NA NA NA NA NA NA NA NA NA NA 0.0382011115840709 NA NA NA NA NA NA NA NA NA NA NA NA NA NA NA NA NA NA NA NA NA NA NA NA NA NA
NA -0.169946199833059 0.304945656541824 0.182481178939083 -0.462002986204858 0.294820160198942 NA NA 0.539913399081589 NA NA NA NA NA NA NA NA NA NA 0.0783349520791734 NA NA NA NA NA NA NA NA NA 0.076071815184079 NA NA NA NA NA NA NA NA NA NA NA NA NA NA NA NA NA NA NA NA NA NA NA NA NA NA NA NA -0.0569032291290413 NA NA NA NA NA
NA -0.147471530153966 0.331777353417713 0.179089718999944 -0.519877513166395 0.3653740117318 NA NA 0.542443942834011 NA NA NA NA NA NA NA NA NA NA NA 0.0313648508490033 NA NA NA -0.113186256245406 NA 0.0678668490038613 NA NA NA 0.0965033169942372 NA NA NA NA NA NA NA NA NA NA 0.0869071669677032 NA NA NA NA NA NA NA NA NA NA NA NA NA NA NA NA NA NA NA -0.148419813924855 NA NA
NA -0.142966370438002 0.352305791350116 0.189175528446182 -1.00603917356284 0.7849856853928 0.337812301861686 0.188677966970424 0.570911088498789 NA NA -0.0207086710539562 0.0344322625830275 NA NA NA NA NA 0.0640382714657028 NA NA NA NA -0.082316221841625 NA NA 0.162370412929948 NA 0.0698799811141818 NA NA NA NA NA NA NA NA NA -0.0140412336601665 NA NA NA NA NA 0.0740626780375293 NA NA NA NA NA NA NA NA 0.0473295793502918 NA NA NA NA NA NA 0.0100786325785988 NA NA NA
NA -0.110375914232954 0.290685381400213 0.189743104248603 -0.558419219709086 0.477936123924267 NA NA 0.528231248621279 NA NA NA NA NA NA NA NA NA NA 0.144687430991462 NA NA NA NA NA NA NA 0.10657800327626 NA NA -0.0509616772206116 NA NA NA NA NA NA NA NA NA NA NA NA NA NA NA NA 0.0912008255465924 NA NA NA NA NA NA NA NA NA NA NA NA NA NA NA NA
NA -0.111504295453301 0.368963844348876 0.102119918900203 -0.433693234897355 0.296286927971525 NA NA 0.45978523054652 NA NA NA NA NA NA NA NA NA NA 0.178702545610292 NA NA NA NA NA NA NA 0.0232457333470667 NA NA NA NA NA -0.0833882925733825 NA NA NA NA NA 0.0136595375525419 NA NA NA NA NA NA NA 0.107372610510928 NA NA NA NA NA NA NA NA NA NA NA NA NA NA NA NA
NA -0.100806627778281 0.311050682907051 0.203619954275175 -0.524857725057994 0.376258958335636 NA NA 0.466094062635265 NA 0.0709550812313372 NA NA NA NA 0.0537836930558673 NA NA NA 0.12696467578019 NA NA NA NA NA NA NA NA 0.0354297068361364 NA NA NA NA NA NA NA NA NA NA NA NA NA NA NA NA NA NA NA NA NA NA NA NA NA NA NA NA NA NA NA NA NA -0.00976355079254583 0.149646956477026
NA -0.125524374181007 0.375237328319299 0.189268534975435 -0.358968299221514 0.212876304906602 NA NA 0.383002686595715 NA NA NA NA NA NA NA NA NA NA 0.126869039970311 NA NA NA NA NA NA NA NA NA NA NA -0.0381085987612684 NA NA NA NA NA NA NA NA NA NA NA NA 0.113113656051747 NA NA NA NA NA NA NA NA NA NA NA NA NA NA NA NA -0.0194009184108946 NA NA
-0.00136673911487621 -0.137083360590971 0.367556523820069 0.141073263960704 -0.75437657295328 0.59227328107842 NA NA 0.527305113808945 NA NA -0.0163607111065539 NA NA NA NA -0.0155326818500351 NA NA NA NA NA NA NA NA NA 0.00796279893732459 NA NA NA 0.0785491023167208 NA NA NA NA NA NA NA NA NA NA NA NA NA NA NA NA NA NA NA NA NA NA NA NA NA NA NA NA NA NA NA NA 0.0354513265874334
NA -0.122928276176217 0.180997322767127 0.175483489002598 -0.592836756508962 0.546085049083009 NA NA 0.518779500596102 NA NA 0.0878379006915568 NA NA NA NA NA NA NA 0.102930093327529 NA NA NA -0.139923872509665 NA NA 0.1199279829028 NA 0.0603365060493748 NA NA NA 0.0469467684481198 NA 0.00493500510381157 NA 0.0137287444071395 NA NA NA NA NA NA NA NA NA NA 0.0269649863454525 NA NA NA NA NA NA NA NA NA NA NA NA NA NA NA NA
NA -0.159008847936918 0.350659454210446 0.183002340658266 -0.589134812536766 0.395548305198209 NA NA 0.508645599949813 0.0483553843444075 NA NA NA NA NA NA NA NA NA 0.123712604201826 NA NA NA NA NA NA 0.0244303862727266 NA NA NA NA NA NA NA NA NA NA NA 0.0560609887224255 NA NA NA NA NA NA NA NA NA NA NA NA NA NA NA NA NA NA NA NA NA NA NA NA NA
NA NA 0.290171587010835 0.24640530928508 -0.391978688209738 0.209575054016574 NA NA 0.474355623422109 NA NA NA NA NA NA NA NA NA NA 0.18495009178138 NA NA NA NA NA NA 0.0589029666078593 NA NA 0.0296613024899915 NA -0.00528714635011201 NA NA NA NA NA NA NA NA NA NA 0.0873643841227821 NA NA NA NA NA NA NA NA NA NA NA NA NA NA NA NA NA NA NA NA NA
NA -0.170331370570296 0.371370413322882 0.215239290242022 -0.228631342215293 0.152465116205154 NA NA 0.34962798859094 NA NA NA NA NA NA NA NA NA NA 0.118604729035161 NA NA NA -0.0315596304345184 NA NA NA NA NA NA NA NA NA NA NA NA NA NA NA NA NA NA 0.0644647390898753 NA NA NA NA NA NA NA NA NA NA 0.0700261029081683 NA NA NA NA NA 0.0361197491564412 NA NA NA -0.00529705935810315
NA NA 0.314556620856584 0.235927985022371 -0.335580909539101 0.242554083067361 NA NA 0.316332658314266 NA NA NA NA NA NA NA 0.16682625370874 NA NA 0.109272612077328 NA 0.138222322406837 NA -0.0632607896181261 NA NA NA NA NA 0.047385793801213 NA NA NA NA NA NA NA NA NA NA 0.0118327977626855 NA 0.0448152059331626 NA NA NA NA NA NA NA NA NA NA NA NA NA -0.0663207763029864 NA NA NA NA -0.0494691578943615 NA NA
NA NA 0.420336377463084 0.148608823998566 NA NA NA NA 0.34557019251537 NA NA NA NA NA NA NA NA -0.0896463164472202 NA 0.0917089382221976 NA NA NA NA NA NA NA NA NA NA NA NA NA NA NA NA NA NA NA NA NA 0.0160875016013249 0.0428547313629201 NA NA NA NA NA NA NA NA NA NA NA NA NA NA NA 0.0169920448751896 NA NA NA NA NA
NA -0.0706311439265968 0.308083345859548 0.217191372931145 NA -0.120287095631249 NA 0.245001713683624 0.302711838986202 NA NA NA NA NA NA NA NA NA NA 0.100721675822924 NA NA -0.109173372984693 NA NA NA 0.209793034446693 NA NA 0.057298756867123 NA NA NA -0.00440073330798186 NA NA NA NA 0.075902573666699 NA NA NA NA NA NA NA NA NA NA NA NA -0.0300525289958376 NA NA -0.0937880428859636 NA NA NA NA NA NA -0.164459482377387 NA 0.0524067508852589
NA -0.12330624551288 0.329585691353616 0.258579912625649 NA -0.149890283004391 NA 0.267127249529842 0.161684202061311 NA NA NA 0.114209038368177 NA -0.0965061981472076 NA NA NA 0.0217889908714338 0.221217170188264 NA NA NA NA NA NA NA NA NA NA NA NA NA NA NA NA NA NA NA NA NA NA 0.0412663444942202 0.0159733617475128 NA NA NA NA NA NA NA NA NA NA NA NA NA NA NA NA NA NA NA NA
-0.0168075216982483 NA 0.311941419361767 0.186008487221013 NA -0.075365847190741 NA 0.142281414782844 0.309094949089457 NA NA NA NA NA NA NA NA NA NA 0.237131207913615 NA NA NA NA NA NA NA NA NA NA NA NA NA NA NA NA NA NA NA NA NA NA 0.138728819270235 NA NA NA NA NA NA NA NA 0.00744538457498414 NA NA NA NA NA 0.0106475435652688 NA NA NA NA NA NA
NA -0.125150425579489 0.365787390477595 0.211119508841185 -0.00816792837529545 NA -0.141017167125063 0.0572951743625096 0.207664549444887 NA NA NA NA NA NA NA NA NA NA 0.133519465844428 0.0304284270491435 NA NA NA NA -0.0104078752494941 NA NA NA NA NA NA NA NA NA NA -0.00139221346610396 NA NA NA NA NA 0.177219070166268 NA NA NA NA NA NA NA NA NA NA NA NA NA NA NA NA NA NA NA NA NA
NA -0.116127751370784 0.345590846824366 0.209532408267358 -0.441975119929256 0.312751325097885 NA NA 0.451474723322753 NA NA NA NA NA NA NA NA NA NA 0.165557188694198 NA NA NA NA 0.00454221067832922 NA NA NA NA NA NA NA NA NA NA 0.0451341354694822 NA NA NA NA NA NA NA NA NA NA NA 0.0625953618452874 NA NA NA NA NA -0.0241914380668525 NA NA NA NA NA NA NA NA NA NA
NA -0.0627527746906884 0.372237562568407 0.110114589422145 -0.446182690781817 0.292283799266837 NA NA 0.47222426488573 NA NA NA NA NA NA NA NA NA 0.0943762423904044 0.0928528580797723 NA NA -0.017617740540737 NA NA NA NA NA NA 0.055323219060022 0.0324550652284174 NA NA NA NA NA NA NA NA NA NA NA NA NA NA 0.0295080491792451 NA 0.0852474326568903 NA NA NA NA NA NA NA NA NA NA NA NA NA NA NA NA
NA -0.111423682538646 0.378249320346028 0.227289400893055 -0.643356825124506 0.458500316954251 NA NA 0.433079849181985 NA NA NA NA NA NA NA NA NA NA 0.136960989392421 NA NA NA NA NA NA 0.0545422366708409 NA 0.00654184501875603 0.0999264339493 NA NA NA NA NA NA NA NA NA NA NA NA NA NA NA NA NA NA NA NA NA NA NA NA NA NA NA NA NA NA NA NA NA NA
NA -0.0949549070776918 0.318827058270651 0.201773437611015 -0.48455204947218 0.410378405318396 NA NA 0.419611419816692 NA NA NA NA -0.0933444191667074 NA NA NA 0.00255821977891627 NA 0.085133326966356 NA NA NA -0.127970042853796 NA NA 0.175216400421956 NA NA NA NA NA NA NA NA NA NA NA NA NA NA NA NA NA NA NA NA NA NA NA NA NA NA NA NA NA NA 0.0904914908339269 NA NA NA NA NA NA
NA -0.15957624770116 0.382689493168993 0.153186236392083 -0.143086305050478 NA NA 0.128360679854485 0.340015834645403 NA NA NA 0.0204730428764469 NA NA NA NA -0.0163110637321585 NA NA NA 0.0787237254205919 NA NA NA NA NA 0.0253248800795352 NA 0.154799994434588 NA NA NA NA NA 0.0350205787540742 NA NA NA NA NA NA NA NA NA NA NA NA NA -0.0226036735464886 NA NA NA NA -0.035708466766165 NA NA NA NA 0.0836328544370141 NA NA NA NA
NA -0.0990346189779744 0.441497925787777 0.189684805516244 -0.390256234849103 0.277290904562637 NA 0.0534218567327911 0.305461399197361 NA 0.00450959700444591 NA NA NA NA NA NA NA NA NA NA 0.0297064102817178 NA NA NA NA 0.0846207449837697 NA 0.0539996398788584 0.0768630267518366 NA NA NA NA NA 0.0797684904950353 NA NA NA NA NA NA NA NA NA NA NA NA NA NA 0.035367985705955 NA NA NA NA NA NA NA NA NA NA NA NA NA
NA -0.188411827897411 0.374730892371375 0.219665653941497 -0.597704833164767 0.407290830046213 NA NA 0.534253314878491 NA NA NA NA NA NA NA NA NA 0.0710717267353156 0.041969480661024 NA NA NA NA NA NA NA NA NA 0.0658919799432914 NA NA NA -0.0798520426598386 NA NA NA NA NA NA NA NA NA NA NA NA 0.0145566822592697 NA -0.145697561648132 NA NA NA 0.0565923633021361 NA -0.0430334839113597 NA NA NA NA NA NA NA NA NA
0.00200416407064186 -0.150133574106787 0.345634171398698 0.195306416340864 -0.552781208043492 0.366311407047935 NA NA 0.409050071654524 0.0295580824048582 NA NA NA NA NA NA 0.108743925649019 NA 0.12965878910623 0.156408437988957 NA NA NA NA NA NA NA NA NA NA NA NA NA NA NA NA NA NA NA NA NA NA NA NA NA NA NA NA NA NA NA NA NA NA NA NA NA NA NA NA NA NA -0.0188869636851811 NA
NA -0.216925686239648 0.327033295584146 0.260868621127626 -0.488620718631326 0.352936747721952 NA NA 0.429908395621179 NA NA NA NA NA NA NA NA -0.00431644749348058 NA 0.101884253210514 NA 0.102901579076985 NA NA NA NA NA 0.0626031367042595 NA NA NA NA NA NA NA NA NA NA NA -0.0472059671424708 NA NA NA NA NA NA NA NA NA NA NA NA NA NA NA NA NA NA NA NA NA NA NA NA
NA -0.119586064118416 0.32908234670351 0.19016127105324 -0.450968963307397 0.344345633329589 NA NA 0.471082566542262 NA NA NA NA NA NA NA NA NA 0.12556771542969 NA NA NA NA NA NA NA NA NA 0.0483876732392102 NA NA NA 0.0613533843573493 NA NA NA NA NA NA NA NA NA NA NA NA NA NA NA NA NA NA NA NA NA NA NA NA NA NA 0.108472043781249 NA NA NA NA
NA -0.175087680364186 0.334946756136664 0.27209522536687 -0.675765989061336 0.558823094294415 NA NA 0.506609152374262 NA NA NA NA NA NA NA 0.00159351078870743 NA 0.081272531632693 0.164100062975249 NA NA NA NA NA NA NA NA NA NA NA NA NA NA NA NA 0.0545317347099595 NA NA NA NA NA NA NA NA -0.00648897537387901 NA NA NA NA NA NA NA NA NA NA NA NA NA NA NA NA NA NA
NA -0.115255207005517 0.375275041430799 0.149018036560515 -0.523920433866164 0.305877632097858 NA NA 0.429223015014246 0.048627267175615 NA NA NA NA NA NA NA NA NA 0.106444192720071 NA NA NA -0.0732116545311163 NA NA NA NA 0.099812044144539 NA NA NA NA NA NA NA NA NA NA NA -0.0655661351436775 NA 0.0732918230677859 NA NA NA NA NA NA NA NA NA NA NA NA NA NA 0.0870310431335602 -0.0454977767327816 NA -0.00859047953087312 NA NA NA
NA -0.129298396893472 0.308179290557338 0.233706980078259 -0.583873744735018 0.381557494809482 NA NA 0.511979653562254 NA NA NA 0.0229029991671209 NA NA NA NA -0.00136627824547596 NA 0.0825751681304959 NA NA NA NA NA NA NA NA NA NA NA NA NA NA NA NA NA NA NA NA NA 0.072791838281174 NA NA NA NA NA NA NA NA NA NA NA NA NA NA NA NA NA 0.0124278648505537 NA NA NA NA
NA -0.147421868971709 0.352796390287846 0.20715714720458 -0.456482343991433 0.378544972758416 NA NA 0.409140557277633 NA NA NA NA NA NA NA NA NA NA 0.0787186550329659 NA 0.0294121935363917 NA NA NA NA 0.077479227819747 NA NA NA 0.0138263244511881 NA NA NA NA NA NA NA NA NA NA NA NA NA NA NA NA 0.0445303619025479 NA NA NA NA NA NA NA NA -0.00729150232852862 NA NA NA NA NA NA NA
NA -0.139021143966511 0.369794701871652 0.179203169941216 -0.517559404836868 0.413381537238191 NA NA 0.485089750182418 NA NA NA NA NA NA NA NA NA NA 0.0624199154529583 -0.00133800415311086 NA NA NA NA NA NA NA NA NA NA NA NA NA NA 0.0797925831811905 -0.0040265196389019 NA NA NA NA NA NA NA NA NA NA NA NA -0.0605357404263652 NA NA NA 0.0860176822157007 NA 0.0275479980524503 NA NA NA NA NA NA NA NA
NA -0.14324473665382 0.26524586770719 0.184298738197689 -0.464212408645626 0.307206723890915 NA NA 0.583507030629637 NA NA NA NA NA NA NA NA NA NA NA NA 0.0839353237951837 NA NA NA NA NA NA NA 0.122119404231385 NA NA NA NA NA NA -0.0180542871724624 NA NA NA NA NA NA NA NA NA NA NA 0.0963897642156574 NA NA NA NA NA NA NA NA NA NA NA NA NA NA NA
NA -0.153328337082109 0.425525144644686 0.139715687656217 -0.788809622475635 0.672367834009696 NA NA 0.54501677458403 NA NA NA NA NA NA 0.104486356925084 NA NA NA 0.154249708262084 NA NA NA NA NA NA 0.0405808469724668 NA NA NA NA NA 0.0401937667803892 NA NA NA NA NA NA NA NA NA 0.062977073562653 NA NA NA NA NA NA NA -0.0281206006557175 NA NA NA NA NA 0.0436143069011786 0.0567936784329833 NA NA NA -0.0477628750854244 NA NA
NA -0.141306190675672 0.303150268646081 0.151352781254813 -4.09777522877255 3.59021466254584 1.31026699335479 NA 1.78678545806383 NA NA NA NA NA NA 0.0469984694654682 -0.00512374677150178 0.486318752841359 NA 0.117896992548233 NA NA NA -0.02710164509833 NA NA 0.0169681548615045 NA NA NA NA NA NA NA NA NA 0.102871846636041 0.0252124571138397 NA NA NA NA NA NA NA NA NA NA NA NA NA NA NA 0.0468919756554147 NA NA NA NA NA NA NA NA NA NA
NA -0.160671273852445 0.403815982994666 0.217266460427393 -1.15789125143213 0.726292889616814 0.471625330208556 0.400602981026593 0.610697396698989 NA NA NA NA NA NA NA NA NA NA 0.1399605456514 NA NA NA NA NA NA 0.178053561889573 NA NA NA NA NA NA NA NA NA 0.0932336751977361 NA NA NA NA NA NA NA NA NA NA NA NA NA NA NA NA NA 0.0341242219944244 NA NA NA NA NA NA NA NA NA
NA -0.142007305104032 0.36748607324458 0.126608589161413 NA NA -0.25583789375589 NA 0.248083399944622 NA 0.0664994618360776 NA NA NA NA 0.06163893850503 NA NA NA 0.125711477907464 NA NA NA NA 0.0164446687533354 NA 0.0600884499231765 NA NA NA NA NA NA NA NA NA NA NA NA NA NA NA NA NA NA -0.0901668702450518 NA NA NA NA -0.00550653732859444 NA NA NA NA NA NA NA NA NA NA NA NA 0.0491299444602929
NA NA 0.284602563486735 0.144290029635762 -0.0602370117885188 NA -0.105468126473505 NA 0.355084341024724 NA NA 0.046824456565439 0.0307635147423428 NA NA NA NA NA NA 0.123493894303807 NA NA -0.0368839587659594 NA NA NA NA NA NA NA NA NA NA NA NA 0.0143075173204596 NA NA NA NA NA NA NA NA NA NA NA NA NA -0.0218656851236814 NA NA NA NA NA NA NA -0.0338956685106069 NA NA NA NA 0.0470035648079978 NA
NA -0.155334026166546 0.341868175262377 0.174434734806281 NA -0.0310116619762502 -0.176288628966658 NA 0.364578008659802 NA NA NA NA NA NA NA NA NA 0.117554676879238 0.136409018892887 NA NA NA NA NA NA NA NA NA NA NA NA NA 0.0136716812529593 NA NA NA NA NA NA NA NA NA NA NA NA NA NA NA -0.0128226823838688 NA NA NA NA NA NA NA NA NA NA NA NA NA NA
NA -0.0607398607893602 0.393028536575127 0.202524328520236 NA NA -0.207728991827071 NA 0.250314417752271 NA NA NA NA NA NA NA NA NA NA 0.121604857301146 NA NA NA NA NA NA NA NA 0.0976091810272347 NA NA NA NA -0.0225827095333806 NA NA 0.0411755044315827 NA 0.0286676670305648 NA NA NA NA NA NA NA NA NA NA NA NA -0.0359366812741787 NA NA NA NA NA NA NA NA NA NA NA NA
NA -0.145773626588383 0.273400098234772 0.24622877294244 NA -0.0464024601655264 -0.274563104874807 NA 0.236398805400778 0.0416803657133984 NA NA NA NA -0.0745354921521681 NA 0.053592703845053 NA NA 0.0993140025294529 0.0422937319141247 NA NA NA NA NA NA -0.0415230568792457 0.091706045925244 NA NA NA NA NA NA NA NA NA NA NA NA NA NA NA NA NA NA NA NA NA NA NA NA 0.0481563694687275 NA NA NA NA NA NA NA NA NA NA
NA -0.100643191217601 0.336616759892906 0.23466834696488 -0.238323152961567 NA NA 0.182455837185284 0.339233917215956 NA 0.00147003841283633 NA NA NA NA NA NA NA NA 0.124327163516657 NA NA NA NA NA NA NA NA NA 0.105308427339425 NA NA NA NA NA NA NA NA NA NA NA NA NA NA NA NA NA NA NA NA 0.0117319952874009 NA NA NA NA NA NA NA NA NA NA NA NA NA
NA -0.106019429104187 0.39759839667452 0.231546747191866 -0.352503788525966 0.284715520256612 NA NA 0.381888707686134 NA NA NA NA NA NA NA NA NA -0.0335854661029818 0.145366264646405 NA NA NA -0.0888440388833454 NA NA 0.176734299494644 NA NA NA NA NA NA NA NA NA NA NA NA NA NA NA NA NA NA NA NA NA NA NA NA NA NA NA NA NA NA NA NA NA NA -0.0918687381191078 0.104084416990472 NA
NA -0.103422060327168 0.292078141349805 0.135303978079788 -0.717737245348982 0.539344879669952 NA NA 0.575529994441206 NA NA NA NA NA NA NA NA NA NA 0.077545020193881 NA NA NA -0.141815144909839 NA NA 0.135676548217348 0.11051334402151 0.0958281150480552 NA NA NA NA NA NA NA NA NA NA NA NA NA 0.0439079690374073 NA -0.000482665650435712 NA NA NA NA NA -0.0608729887888475 -0.0903339102210038 NA NA NA NA NA NA NA NA NA NA NA NA
NA -0.093519941629217 0.352497412492083 0.247120516834647 -0.253491911302386 NA NA NA 0.433749583599258 NA NA NA NA NA NA -0.0127252529337255 NA NA NA NA NA NA NA NA NA NA 0.0382322869060049 NA NA 0.103017648115005 NA NA NA NA NA NA NA NA NA NA NA NA NA NA NA NA NA NA NA NA 0.0119445165391499 NA NA NA NA 0.0574852303363635 NA NA NA NA NA NA NA NA
NA NA 0.327168424373689 0.199800478969221 -0.635394080869119 0.58587865671851 NA NA 0.420526843776967 NA 0.153119324618571 NA NA NA NA 0.0454396131570275 NA NA NA 0.122246403005155 NA NA NA NA NA NA NA -0.0613081706576037 NA NA NA NA NA NA NA NA 0.13571516048561 NA NA NA NA NA NA NA NA NA NA NA NA NA NA NA NA NA -0.0148043194886939 NA NA NA NA NA NA NA NA 0.0843494169820484
-0.023960278199684 -0.121040651245493 0.387056903850524 0.144857624002842 -3.61930211279184 3.15146910301435 1.18338592575494 NA 1.51068896470846 0.0709942131530232 NA NA NA NA -0.0735528592677433 NA NA 0.45842762296775 NA 0.110691115038607 NA NA -0.029694043337131 NA NA NA NA NA NA NA NA NA NA NA NA NA NA NA 0.0233054545698475 NA NA NA 0.0420835770247288 NA NA NA 0.0867751542129094 NA NA NA NA NA NA NA NA NA NA 0.00489634720526915 NA NA NA NA NA 0.0441355817427233
NA -0.157702176730599 0.397989241597787 0.172245098455305 -0.559002110091597 0.416493162623848 NA NA 0.488751324302068 0.100606816624843 NA NA NA NA NA NA NA NA NA 0.120373404803048 NA 0.029954832488827 NA NA NA NA NA NA 0.0923739983603612 NA NA NA NA NA NA NA NA NA NA NA NA NA NA NA NA NA NA NA NA NA NA NA NA NA NA NA NA NA NA 0.0528210118277826 NA NA NA NA
NA -0.12057266612874 0.352928190762613 0.227787831500503 -0.596394128997103 0.424926110248094 NA NA 0.515972456397296 NA NA NA NA NA NA -0.0310622694828637 NA NA NA NA 0.00293516967960439 NA NA NA NA NA NA NA NA NA NA NA NA NA NA 0.0892703679850963 NA NA NA -0.0319536113617948 -0.0118732515583204 NA NA NA NA NA NA 0.0610595088384046 NA NA NA NA NA NA NA NA NA NA -0.0378611691119185 NA NA NA NA NA
NA -0.141570422676126 0.275982085404696 0.159515097404462 -0.569104288659454 0.490970660794094 NA NA 0.547068519975619 NA NA NA NA NA NA NA NA NA NA NA NA NA NA NA NA NA NA 0.00503597699824411 0.0544144578771535 NA NA NA NA NA NA 0.0722873504723676 0.0926944243926154 NA NA NA NA NA NA NA NA NA NA NA NA NA NA NA NA NA NA NA NA NA NA NA NA NA NA NA
NA -0.0939411735945111 0.278663915531789 0.1808715419466 -0.639306386454248 0.484570526567737 NA NA 0.490160219233257 NA NA NA NA NA NA 0.0420377266587247 NA NA NA 0.0518295313718797 NA NA NA NA NA NA NA 0.102413449011628 NA NA NA NA 0.0488875272072479 NA NA NA NA NA NA -0.0640270445490041 NA NA NA 0.060105025524742 NA NA NA NA NA NA NA NA NA NA NA NA NA NA NA NA NA NA NA NA
NA -0.136306103602619 0.402750633510099 0.114686774107037 -0.379181112756664 0.286829789249393 NA NA 0.414711041852926 NA -0.00671208771905853 NA NA -0.0214394812597064 NA NA NA NA NA 0.0981639400258303 NA NA NA -0.0572558733707003 NA 0.107501742555912 NA NA NA NA NA 0.000842195633028692 NA NA NA NA NA NA NA NA NA NA NA NA NA NA -0.0172899031912882 0.0574373924616602 0.0361203011112202 NA NA NA NA NA NA NA 0.02613758436912 NA NA NA NA NA NA NA
NA -0.155325846358174 0.311926516571664 0.176724705891972 -0.543684780599203 0.44498623547684 NA NA 0.4948235687982 0.0326245906452277 NA NA NA NA NA NA NA NA NA 0.170126751772243 NA NA NA -0.0472238681668322 0.059861779623419 NA NA NA NA NA NA NA NA NA NA NA NA NA NA NA NA NA 0.0964772424186417 NA NA -0.00732029523504679 NA 0.141120927652456 NA NA NA NA -0.048007652884939 NA NA NA NA NA NA NA NA NA NA NA
NA -0.0866913792682584 0.249686251010881 0.173339968789423 NA NA -0.231109302655662 NA 0.261268901507889 NA NA 0.122131954933803 NA NA NA -0.0934289814168161 NA NA NA 0.137516725096297 NA NA NA NA NA NA NA NA NA 0.00808887655262879 NA NA NA -0.0210528539231824 NA NA NA NA NA NA NA NA 0.0122795981942783 NA 0.0579822040248539 NA NA NA NA NA NA NA NA NA NA NA NA NA -0.152984205778895 NA NA -0.106343264577864 NA NA
NA NA 0.321576536352009 0.19316520274764 -0.223174518950449 NA NA NA 0.434220756983386 NA NA NA NA NA NA -0.105613492204851 0.192768088586663 NA NA 0.138082654042084 NA NA NA NA NA NA NA NA NA NA NA NA NA NA NA NA NA NA NA NA NA NA 0.0880750746668786 NA NA NA NA NA NA NA NA NA NA NA NA NA NA NA NA NA NA -0.230676551924598 NA NA
NA NA 0.41100546923739 0.0210121979179211 NA NA NA NA 0.35233187992226 NA NA NA 0.0360143363552542 NA NA -0.0220818801092754 0.19060926728791 NA NA 0.122120480049915 NA NA NA NA NA NA 0.0782263613959757 NA NA NA NA NA NA NA NA -0.0436133037596218 0.168055870748609 NA 0.0239328334127701 NA NA NA NA NA NA NA NA NA NA NA NA NA NA NA NA NA NA NA NA NA NA -0.272019519581633 NA NA
-0.0724194742494259 NA 0.359841787105043 0.201681447777276 NA NA -0.0507547520666125 NA 0.321290755186935 NA NA NA NA NA NA NA 0.28929423048944 NA NA 0.11135163447176 NA NA NA NA NA NA 0.167700536679679 NA NA 0.0935478175975756 NA NA NA NA NA NA NA NA NA NA NA NA 0.0666824863739514 NA NA NA NA NA NA NA NA NA NA NA NA NA NA NA NA NA NA -0.285952323645699 NA NA
NA NA 0.305741843641674 0.20771903060622 NA NA -0.143411988827552 NA 0.225370270333607 NA 0.00901452115944805 NA NA NA NA NA -0.024376018311019 NA NA 0.137088472183547 NA NA 0.0837218869929426 -0.123939344282879 NA NA 0.0503778658789806 NA NA NA NA NA NA NA NA NA NA NA NA NA NA NA 0.0722289479633409 NA NA -0.0847222222476687 NA NA NA NA NA NA NA NA NA NA NA NA NA NA NA NA NA NA
NA -0.0996758581315708 0.335728425332523 0.181063871185752 NA NA -0.171937760230871 NA 0.305675736143218 NA NA NA NA NA NA NA NA NA NA 0.12440193281161 NA NA NA NA NA NA 0.102697457939389 NA NA NA NA NA NA -0.046954219935347 NA NA NA NA NA NA NA NA 0.036350832463362 NA 0.103612802003647 NA NA NA NA NA NA NA NA NA NA NA NA NA NA NA NA -0.164980599130739 NA NA
NA -0.158328592161969 0.299863200479512 0.206666632125632 NA NA -0.265403629065421 NA 0.316266106767849 NA NA NA NA NA NA NA NA NA NA 0.131932573565774 NA NA NA NA NA NA NA 0.0419445744251001 NA NA NA NA NA NA NA NA 0.0492911424626692 NA NA -0.0340249496207858 -0.0240004098049979 NA NA NA NA NA NA NA NA NA NA NA NA NA NA NA NA NA NA NA NA NA -0.0127697252026024 NA
NA NA 0.423267421391163 0.111994587761568 NA NA -0.158762094898667 NA 0.267999541194307 NA NA NA NA NA NA NA NA NA NA 0.0989494102384504 NA NA NA NA NA NA NA 0.114966000107044 NA NA NA NA NA NA NA NA 0.114590834557586 NA NA NA NA NA NA NA NA NA NA NA NA NA NA NA NA NA NA 0.0739987483936348 NA 0.0346472243454676 NA 0.0836743844934133 -0.0181128585158192 NA NA NA
NA -0.165562173365586 0.319312528675349 0.283106303059771 -0.075333327656165 NA -0.209576881452865 NA 0.222510091255451 NA NA NA NA NA -0.0186633149512009 NA NA NA NA 0.110087690689215 NA NA NA -0.0643360326367316 NA NA NA NA NA NA NA NA NA NA NA 0.0670364317307366 NA NA NA NA 0.0514348338833329 NA NA NA NA NA NA 0.0491939104482348 NA 0.127840042208503 NA -0.17436847864788 NA NA NA NA NA NA -0.0459618728090422 NA NA NA NA NA
NA NA 0.369277220873959 0.13460878844888 NA NA -0.137898545792945 NA 0.274745111105997 NA 0.102742376944739 NA NA NA -0.0804638909743843 NA NA NA NA NA NA NA NA NA NA 0.0282323751376771 NA NA NA NA NA NA NA NA NA 0.0646177429317676 0.0900940353839845 NA NA NA NA NA NA NA NA NA NA NA NA NA NA NA -0.124438910446143 NA 0.0726930216968711 NA NA NA -0.106702619122284 0.108759590568465 NA NA NA 0.0104219007178145
NA -0.0810297806106938 0.313264294884409 0.110970510652353 NA NA -0.12233013837012 NA 0.3780519229051 NA NA NA NA NA NA NA NA -0.231838312253232 NA 0.105958508362149 NA NA NA -0.109292613049202 NA NA 0.105463221709988 NA NA NA NA NA NA NA NA 0.0868031091644999 0.0414746035958346 NA NA NA NA NA 0.141628519905164 NA NA NA NA NA NA NA NA NA 0.0680723057957988 NA NA NA NA NA NA NA NA NA NA NA
NA -0.130662140525529 0.396548730117436 0.139061963737793 NA NA -0.162104874062777 NA 0.342143930672548 NA NA NA NA NA NA NA -0.022432507627496 NA NA 0.154304349133089 NA NA NA NA NA NA NA NA NA NA NA NA NA NA NA NA NA NA NA NA NA NA NA NA 0.0450059254414734 NA NA 0.0421820070494579 NA NA NA NA NA NA NA NA NA NA NA NA NA NA NA NA
NA NA 0.367845392191307 0.123623758531537 -0.0343894580561779 NA -0.143440424634787 NA 0.281748851933699 0.0104364322782681 NA NA NA NA NA NA 0.138733777890699 NA NA 0.0872906130412879 0.0342787416484538 NA NA -0.102390772289086 NA NA NA NA NA NA NA NA NA NA NA NA NA NA NA NA NA NA 0.118163512290812 NA NA NA NA 0.0518472745842417 NA NA NA NA NA NA NA NA NA NA NA NA NA -0.176096379602145 NA NA
NA -0.147116508387293 0.248364166196976 0.225834127342997 NA NA -0.218898763130184 NA 0.321829004045161 NA NA NA NA NA NA NA NA NA NA 0.158809702398147 NA 0.0154786960959434 NA NA NA NA NA NA NA NA NA NA NA NA NA NA 0.105974880623268 NA NA NA NA NA NA NA NA NA NA NA NA NA NA NA -0.038581814278163 NA NA NA NA NA NA NA NA NA NA NA
NA -0.18427531620971 0.295705255056599 0.199156402920743 NA NA -0.203583715357659 NA 0.288322369072458 NA NA NA NA NA NA NA NA NA NA 0.138406165303025 NA NA NA NA NA NA NA NA NA NA NA NA NA NA NA NA NA NA NA NA NA NA 0.0878103077812228 NA -0.00544840123828733 -0.0204307680269171 NA NA NA NA NA NA NA NA NA NA NA NA NA NA NA NA NA NA
NA -0.118861181805525 0.412319420299993 0.197954380692814 NA NA -0.153017953569476 NA 0.215560613925816 NA NA NA NA NA NA NA NA NA NA 0.147080760059551 NA 0.0795707647015235 NA NA NA NA NA NA NA NA NA NA NA NA NA NA NA NA NA NA NA NA NA NA NA NA NA NA NA NA NA NA NA NA NA NA NA NA NA NA -0.0476780959434468 NA NA NA
NA NA 0.407628158176803 0.138534289335383 NA -0.0879085626234166 -0.0782955810930846 NA 0.342325510091586 NA NA NA NA NA NA NA 0.257566368650743 NA NA NA NA 0.131740473000805 NA NA NA NA NA 0.0962470122195714 NA NA NA NA NA NA 0.0458957086769865 NA NA NA NA NA NA NA NA NA NA NA NA NA NA NA NA NA NA NA NA NA NA NA NA NA NA -0.241895759060913 NA NA
NA NA 0.314156705059146 0.177890013877128 NA NA -0.15873016623855 NA 0.237269453933643 0.0428280074119769 NA NA -0.0204570154351243 NA NA NA NA -0.130605460976013 NA NA NA 0.0980424894714055 NA NA NA NA NA NA NA NA NA NA NA NA NA NA NA NA NA NA NA NA 0.110233135803488 -0.00581224695778119 NA NA NA NA NA NA 0.0163807899161698 NA NA NA NA NA NA NA NA NA NA NA NA NA
NA NA 0.373489841551361 0.14490668204524 NA NA -0.214380805370125 NA 0.246342759129532 NA NA NA NA NA NA NA NA NA NA NA NA NA NA NA NA NA 0.170891125023957 NA NA 0.132855420566472 NA NA NA NA NA NA NA NA NA NA NA NA 0.0380053015173979 NA NA NA NA NA NA NA NA NA NA NA NA NA NA NA NA NA NA NA NA NA
NA NA 0.348616126010304 0.153596327702479 -0.0570248263766324 NA NA 0.0575976241745201 0.319903191239096 NA NA NA NA NA NA NA NA NA NA 0.0449966601336324 NA NA NA -0.0774823627113823 NA NA NA NA -0.00741216367551449 NA NA NA NA NA NA 0.0806320224168372 0.0878990244071503 NA NA NA NA NA NA NA NA NA NA NA NA NA NA NA NA NA NA NA NA NA NA 0.0973286339734155 NA NA NA NA
NA NA 0.427638047721241 0.117646595822446 -0.098977269821887 NA NA 0.16813294285132 0.258917779794466 NA NA NA 0.107377815992934 NA NA NA NA -0.106269825900651 NA 0.152274167415205 NA NA NA -0.057498362179663 NA NA 0.102083528230603 NA NA 0.0660426579004346 -0.0257092232235637 NA NA NA NA NA NA NA NA NA NA NA NA NA NA NA NA NA NA NA NA NA NA NA NA NA NA NA NA NA NA NA -0.0273669880183564 NA
-0.0282346074360512 -0.152030246057189 0.356641243239137 0.230933565804939 -0.12026445130285 NA NA 0.213522125937943 0.329712227998259 NA NA NA NA 0.012799310518171 NA NA NA NA NA 0.144783068682713 0.134594008656573 NA NA NA NA NA NA NA NA NA NA NA NA NA NA NA NA NA NA NA NA NA NA NA NA NA NA 0.0580415962279334 NA NA NA NA NA 0.0871835008433117 NA NA NA NA NA NA NA NA NA NA
NA NA 0.314635670492369 0.180255378605807 NA NA -0.0220685894589778 NA 0.285737068510692 NA NA NA NA NA NA NA NA NA NA 0.155097852663015 NA NA NA NA NA NA NA NA NA NA NA NA NA NA NA NA NA -0.00989043668067097 NA NA NA NA 0.118199883688834 NA NA NA 0.110666565400003 NA NA NA NA NA NA NA NA NA NA NA NA 0.0194377740058354 NA NA NA NA
NA -0.0600346519366442 0.309242659175899 0.237509734326915 NA NA -0.152088187673434 NA 0.224445265760419 0.0129869353105639 NA NA NA NA NA NA 0.088123608152765 NA NA 0.17076803371764 NA NA NA NA NA NA NA NA NA NA NA NA NA NA NA NA NA NA NA NA NA 0.038958660149963 NA NA NA NA NA NA NA NA NA NA NA NA NA NA NA NA NA NA NA NA NA NA
NA -0.129315774317951 0.359048788092609 0.217897357243241 NA NA NA NA 0.319378565501952 NA 0.0455759759086915 NA NA NA NA NA NA NA NA 0.0509935342298512 0.0929049300861651 NA NA -0.0421654598896674 NA NA NA NA NA NA NA -0.0246393408269733 NA NA NA NA NA NA NA NA NA NA NA NA NA NA NA NA NA NA NA -0.0180771059616651 NA NA NA NA NA 0.114724969377801 NA NA NA -0.0593110345958413 NA NA
NA NA 0.313530636396054 0.106949131039623 NA -0.0610316905954516 -0.155049040592948 NA 0.338105339803146 NA NA 0.0860007569467311 NA NA NA NA NA NA NA 0.0793135091459777 NA NA NA NA NA NA NA NA NA NA NA NA NA NA NA NA -0.00424755256324545 NA NA NA NA NA NA NA NA NA NA 0.0576670348899059 NA NA NA NA NA NA NA NA NA 0.0733439983278336 NA NA NA NA NA NA
NA -0.15682025886266 0.361992211993351 0.209952826576089 -0.181917110694508 NA NA 0.224173859268232 0.299751131487405 NA NA NA NA NA 0.00810274958378273 NA NA NA NA 0.129569565962682 NA NA NA NA NA NA NA 0.0323840092234347 NA NA 0.0204685766851901 NA NA NA NA NA NA NA NA NA NA NA NA NA NA NA NA NA NA NA NA NA NA NA 0.0121845675660752 NA NA NA NA NA NA NA NA NA
NA -0.144720775573799 0.373179339855895 0.203722583309385 -0.225993256704209 NA NA 0.148608898895698 0.33229957301104 NA NA NA NA NA NA NA NA NA NA 0.0592898536569275 0.0864366568663059 NA -0.0750174872910779 NA NA NA NA NA NA NA NA NA NA NA NA NA NA NA NA NA NA NA 0.0806974761416449 NA NA NA NA NA NA NA NA NA NA NA NA NA NA -0.0516143846490831 NA NA 0.0186154785990802 NA NA NA
NA NA 0.379833965713664 0.110928572510368 -0.140501385175469 NA NA 0.195262172779539 0.235234594168328 NA NA NA NA NA NA NA NA NA NA 0.133621103199588 -0.0423678420983188 NA 0.331191909058317 -0.339325868654883 NA NA NA NA NA NA NA NA NA NA NA NA 0.160411144102732 NA NA NA NA NA NA NA NA NA NA NA NA NA NA NA NA NA NA NA NA NA NA NA NA NA NA NA
NA -0.130381715151072 0.393626415899911 0.178493608521828 -0.299753825648932 NA NA 0.163510202573873 0.404536971602706 NA NA NA NA NA NA NA -0.022156147985154 NA NA 0.180755375031997 NA NA NA NA NA NA NA NA NA 0.132838835645349 NA NA NA NA NA NA NA NA NA NA NA -0.0148717183533886 NA NA NA NA NA NA NA NA NA NA NA NA NA NA NA NA NA NA NA NA NA NA
NA -0.203371111198891 0.343871131353608 0.256319955249156 -0.60361720384567 0.436895509464331 NA NA 0.5618899383775 NA NA NA NA NA NA NA NA NA NA NA NA 0.0611641662597116 NA NA NA NA NA NA NA 0.139020010637654 NA NA NA NA NA NA NA NA -0.0133507011394719 NA NA 0.0361385049347251 NA NA NA NA -0.0678210571131862 NA NA NA NA NA NA NA NA NA NA NA NA NA NA NA NA NA
NA -0.0784350557744548 0.409191668030338 0.207761425912241 -0.317204249591545 0.190081626026741 NA NA 0.369677095355687 NA NA NA NA NA NA NA NA NA 0.0944840124405706 NA NA 0.0235563721462723 NA NA NA NA NA NA NA 0.156418174667579 NA NA NA NA NA NA NA 0.0347420705274816 NA NA NA NA NA NA NA NA NA NA NA NA NA NA NA NA NA NA NA NA NA NA NA NA NA NA
NA NA 0.399767651575865 0.151274844456205 -0.386601261207 0.215124879011842 NA NA 0.488245736398711 NA NA NA NA NA NA NA NA NA NA 0.116617682565355 NA NA NA NA NA NA NA 0.102744122032655 0.058704931455517 NA NA NA NA NA NA NA NA NA NA NA NA NA NA NA 0.0129761450183929 NA NA 0.064706943690866 NA NA NA NA NA NA NA NA NA NA NA NA NA NA NA NA
NA -0.129576814801719 0.338213011954133 0.190208244070944 -0.543909830965669 0.397941004196644 NA NA 0.513580339172148 NA 0.0377297283018278 NA NA NA NA NA NA NA NA NA NA NA NA NA NA NA NA 0.0941220471986728 NA NA NA NA NA NA NA NA NA NA NA NA NA NA NA -0.018947524830221 NA NA NA NA NA NA NA NA NA NA NA NA NA NA NA NA NA NA NA NA
NA -0.118170104184296 0.322430155180062 0.16192445594398 -0.9860848790972 0.77889584793798 0.158642938775524 NA 0.737697443143522 NA NA NA NA 0.102202926339934 -0.14557678526023 NA NA NA NA 0.113745093235168 NA NA NA NA NA NA 0.0837144554068803 0.016416782984995 0.0456349076509711 NA NA NA NA NA NA NA NA -0.00816846919020572 NA NA NA NA NA NA NA NA NA NA NA NA NA -0.188119912450628 NA NA NA 0.297588699306928 NA 0.145200699152112 NA NA NA NA NA NA
NA -0.11502331931028 0.292562857747607 0.199434178463144 -0.55034215497695 0.447430782272679 NA NA 0.49594406383808 NA NA NA NA NA NA 0.0178379340202194 NA NA NA NA NA NA -0.13849437266841 NA NA NA 0.162817594470428 0.0683156865583535 0.110041921949018 NA NA NA NA NA NA NA NA NA NA NA NA NA NA NA NA NA NA NA NA NA NA NA NA NA NA NA 0.022472318376268 NA NA NA NA NA NA NA
NA -0.128614912177746 0.31550968585015 0.112944276072601 -0.719183458054667 0.589156935367733 NA NA 0.537255648153147 0.0193212022631742 NA NA NA NA NA 0.0383967057949375 0.0604147646633903 NA NA NA NA NA NA NA NA NA 0.110275200082091 NA 0.0904895083623064 NA NA NA 0.0919922312205388 NA NA 0.0788447050167421 NA NA NA NA NA NA NA NA -0.000608617727501488 NA NA NA NA NA NA NA NA NA NA NA NA NA NA NA NA NA NA NA
0.060138163328497 -0.151504752317676 0.307036307124628 0.150924702509059 -0.589425830535987 0.507203186033164 NA NA 0.488843671457656 NA NA 0.109167211914331 NA NA NA NA NA NA NA NA NA NA -0.166341041095398 NA NA NA 0.174453172012714 NA 0.00191499513505813 0.125333129656453 NA NA NA NA NA NA NA 0.0382005618046764 NA NA NA NA NA NA NA NA NA NA NA NA NA NA NA NA NA NA NA NA NA NA NA NA NA NA
NA NA 0.442463767090245 0.0891283625146974 -0.485329001521341 0.41841054198787 NA NA 0.486028903599834 NA NA NA 0.0527945604398405 NA NA NA NA NA NA 0.114041577498663 NA NA NA NA NA NA 0.0843214807693948 0.0656235996778836 NA NA NA NA NA NA NA NA NA NA NA NA NA NA NA NA NA NA NA 0.0308592010238217 NA NA NA NA NA NA NA NA NA NA NA NA NA NA NA NA
NA NA 0.276576704370372 0.208083447232186 -0.44887224750804 0.406939172734833 NA NA 0.438576309751346 NA NA 0.120600614165785 0.0490593681827147 -0.0303252671452272 NA NA NA NA NA 0.154632353699841 NA NA NA NA NA -0.0793742954764031 0.10666593335658 NA NA NA NA NA NA -0.0169538381175547 NA -0.00456378630749037 NA NA NA NA 0.0860345021791572 NA NA NA NA NA NA NA NA NA NA NA NA NA NA NA NA NA NA NA NA NA NA NA
NA NA 0.423869052445372 NA -0.498081187256733 0.411995545787889 NA NA 0.491691223436339 NA NA NA 0.129277891312417 NA NA NA NA NA 0.0584848642692992 0.0702960782595394 NA NA NA NA NA NA 0.122880476795105 NA NA NA NA NA NA NA NA NA NA NA NA NA NA NA NA NA NA -0.0132241447449373 NA NA NA NA NA NA 0.0199373856881052 NA -0.00354516757178607 NA NA NA NA NA NA NA NA NA
NA NA 0.365856833119118 0.104166775652715 -0.518113077123238 0.386147819376029 NA NA 0.469576704428832 NA NA NA NA NA NA NA NA NA 0.068364002871424 0.0785969552230317 NA NA -0.107146639342736 NA NA NA 0.129267116718327 NA NA 0.0424381124895424 NA NA NA NA NA NA 0.0252160698424856 NA NA NA NA NA NA NA NA NA NA NA NA NA NA NA NA NA NA NA NA NA NA NA NA -0.00927139832393933 NA NA
NA NA 0.353833895482124 0.206094234546425 -0.502129151111187 0.388721461150746 NA NA 0.463864492956176 NA NA NA NA NA NA NA NA NA NA 0.180435923815493 0.118528935226489 NA NA NA NA -0.069448346101214 0.118552321370418 NA NA NA NA NA NA NA NA NA NA NA NA NA NA NA NA NA NA 0.0668455766046387 NA NA NA NA NA NA NA NA NA NA NA NA -0.0766084907541052 NA 0.130120561140484 NA 0.188439988387428 NA
NA NA 0.301258357493698 0.217440526403306 -0.352450176876999 0.236960780850906 NA NA 0.3532280289467 NA 0.0110323475801638 0.0939075056565154 NA NA NA NA NA NA 0.0657549209042043 0.170086494220381 NA NA NA NA NA NA NA 0.00449598739280268 NA NA NA NA NA -0.0231683582537415 NA NA NA NA NA NA NA NA NA NA NA NA NA 0.0797453182697311 NA NA 0.0420157916841328 -0.00948421204416058 NA -0.173088383049041 NA NA NA 0.155189589714413 NA -0.0154453904611692 NA NA NA NA
NA NA 0.38750773775438 0.239650664600171 -0.161649388712862 NA NA NA 0.335973745884158 NA NA NA NA -0.0244966738216678 NA NA NA NA NA 0.144763334941274 0.0433643396532787 NA NA NA NA NA NA NA NA NA NA NA NA NA 0.0806473083921166 NA NA NA NA NA NA NA 0.152880024653252 NA 0.085932398641681 NA NA NA NA NA NA NA NA NA NA NA NA NA NA NA NA NA NA NA
NA NA 0.36353871137685 NA -0.47500574564186 0.353887276397104 NA NA 0.414600086953151 0.0974687412376169 NA NA 0.0449596628649729 NA NA NA NA NA NA 0.0689104448091744 NA NA NA NA NA NA NA NA NA 0.0214777153211469 NA NA NA NA NA NA NA NA NA NA NA NA NA NA NA NA NA 0.059272745108436 NA NA NA NA NA NA NA NA NA NA NA NA NA NA NA NA
NA -0.0903439221333668 0.264467486936512 0.166465747718355 -0.564955012383002 0.439561322855451 NA NA 0.576361217080123 NA NA NA 0.0167529986552957 NA NA NA NA NA NA 0.131783057267235 NA NA NA NA NA NA 0.032830866275177 NA NA NA NA NA NA -0.0412679709826071 0.0705359465648308 NA NA NA NA NA 0.00229443677957345 NA NA NA NA NA NA NA 0.0865293599461495 NA NA NA NA NA NA NA NA NA NA NA NA NA NA NA
NA -0.130501356519018 0.383479090083786 0.159149361360161 -0.576352574090429 0.375145560733644 NA NA 0.535482879633856 NA NA NA NA -0.04355505163795 NA NA NA NA NA 0.125588702844884 NA NA NA NA NA NA 0.0528839125006181 NA 0.0234062727748012 NA NA NA NA NA NA NA NA NA NA NA NA NA 0.0439690196848224 NA NA NA NA 0.125839681001056 NA NA NA NA NA NA NA NA NA NA NA NA NA NA 0.0159200098154362 NA
NA -0.112837926320847 0.315441213035502 0.145019967536432 -0.519235368463085 0.371400635627533 NA NA 0.540845210409657 NA NA NA NA NA NA NA NA NA NA 0.115188463642438 NA NA NA NA NA NA NA NA NA NA NA NA NA NA NA NA NA NA NA NA NA NA NA NA NA NA NA 0.105248709491905 NA NA NA NA NA NA NA NA NA NA NA NA NA NA NA NA
NA NA 0.326964947917981 0.142480963177387 -0.519407384497487 0.348739106230896 NA NA 0.524663529107441 NA NA NA NA NA NA NA NA NA NA 0.171308251094424 NA NA NA NA NA NA NA NA NA 0.0955477127916074 NA NA NA NA NA NA NA NA NA NA NA NA 0.100431822333149 NA NA NA NA 0.0583877095515125 NA NA NA NA NA NA NA NA NA NA NA NA NA NA NA NA
NA -0.171423543717244 0.300616608701151 0.188008937540504 -0.0750763513702406 NA -0.0190839998235599 0.146267753195615 0.38430703195119 NA NA NA NA NA 0.0105236998601857 -0.300359253394328 NA NA NA 0.0944703653580877 NA NA NA NA NA 0.0719271462862691 NA NA NA NA NA NA NA NA 0.0245909722557563 0.00852414197790249 NA NA NA NA NA NA NA NA NA NA NA 0.0224272921358929 NA NA 0.516777172473916 NA NA NA -0.478884182019228 NA NA NA NA NA NA NA NA 0.162101363092766
NA NA 0.366604669286242 0.152924226870597 -1.43252424964331 1.15998863042966 0.476965883664658 NA 0.832283755009737 NA NA 0.0657595751363939 NA NA NA NA NA NA 0.100340084012904 0.20372854982256 NA NA -0.00760045948117612 NA NA NA NA 0.0452596237203743 NA NA NA NA NA NA NA NA NA NA NA NA NA NA NA NA NA 0.092098119512258 NA 0.165819423174338 NA NA NA NA NA NA 0.047059763795069 NA NA NA NA NA NA 0.118379197897986 NA NA
NA -0.0549476727569608 0.392996105429539 0.177187139445992 -0.103824570285801 NA NA 0.0446661828963996 0.390719375721681 NA NA NA NA NA NA -0.0850314545068948 NA NA NA 0.135744482627482 NA NA NA NA NA NA NA NA NA NA NA NA NA NA NA 0.0556169011096243 NA NA NA NA NA NA NA 0.043612127160172 NA NA NA -0.0116584574027262 NA NA NA NA NA NA NA NA NA NA NA NA NA NA NA NA
0.0677814587987131 -0.143213750003129 0.414684281657163 0.143551318797072 NA -0.179695033947997 NA 0.264379746435306 0.271553030351828 NA NA NA NA NA NA NA NA NA NA NA NA NA NA -0.129740022744868 NA NA 0.204402091192643 NA NA 0.146930063223563 NA NA NA NA NA NA NA NA NA NA NA NA NA NA NA NA NA NA NA NA NA NA NA NA NA NA 0.152379870852575 NA NA NA NA -0.274777771558427 -0.0136142565326892 NA
NA -0.127923667253127 0.315753728697715 0.154006937909497 NA -0.168731130226061 NA 0.254824417130657 0.245948468974477 NA NA NA NA -0.0713383642033588 NA NA NA NA NA 0.097554507848353 NA NA NA NA NA NA NA NA NA 0.0444952005976278 NA NA NA NA NA NA 0.0615354222472137 NA NA NA NA NA -0.00991159064794869 NA NA NA NA NA NA NA NA NA NA NA NA NA 0.103559866850186 NA NA NA NA -0.175211589686664 NA NA
NA -0.111552429692721 0.317808337772405 0.142846646670335 NA NA -0.127038222472126 NA 0.2974656083735 NA NA NA NA NA NA NA 0.278135229272612 NA 0.0586030371207514 0.147729228184439 -0.0388264153433747 NA NA NA NA NA 0.0614760639451552 NA NA NA NA NA NA NA NA NA 0.077475545802928 NA NA NA NA NA NA NA NA NA NA NA NA NA NA NA NA NA NA -0.102899341146275 NA NA NA NA NA -0.271822450816264 NA NA
NA NA 0.304885128863766 0.099902703945248 NA NA -0.191490085558018 NA 0.322444663804403 NA NA 0.0856797440988707 NA NA NA NA NA NA NA 0.0925121245446191 NA NA NA NA NA NA 0.0910226934728438 0.0513933056609245 NA NA NA NA NA NA NA NA NA NA NA NA NA NA NA NA NA NA NA 0.0679726711722104 NA NA NA NA NA NA NA NA 0.113864209736476 NA -0.0757220012099565 NA NA -0.20232180986979 NA NA
NA NA 0.219783980680548 0.184805075327443 NA NA -0.121006335281842 NA 0.463309820599503 NA NA 0.151479730523827 NA NA NA -0.153830691930707 NA NA NA 0.198073487201881 NA NA NA NA NA NA 0.125790746961474 0.0936513939836537 NA NA NA NA NA NA NA NA NA NA NA NA NA NA NA NA NA NA NA NA NA NA 0.23323537451629 -0.0635629522594521 NA NA -0.273887087718344 NA NA NA NA NA 0.0448325190625413 NA NA NA
NA -0.119805863229003 0.316272794203189 0.150899225884691 NA NA -0.222255252084489 NA 0.263932574346416 0.0399700999903409 NA 0.0344403550662701 NA NA NA NA NA NA NA NA NA NA NA NA NA NA NA NA NA NA 0.103473008914614 NA NA NA NA NA NA NA NA NA NA NA NA NA NA NA NA 0.0171446441957746 NA NA NA NA NA NA NA NA NA 0.0838979843043896 -0.094762421784707 NA NA -0.116792072037904 NA 0.00734277362407233
NA -0.116366437262152 0.406346731960791 0.202663196976782 NA NA -0.206841980638172 NA 0.219931237629133 NA NA NA NA NA NA NA NA NA NA NA NA 0.130664605188241 NA NA NA NA NA NA 0.0281813427436224 NA NA 0.016686226342919 NA NA NA NA NA NA NA NA NA NA NA NA 0.0811788334180066 NA NA NA NA NA NA NA NA NA -0.0128004777251926 NA NA NA NA NA NA -0.0681099272306823 NA NA
-0.0175272247975726 -0.101089485575885 0.320945483327242 0.188285614876002 NA NA -0.0997836345755351 NA 0.379518385776135 NA NA NA NA NA NA NA NA NA NA 0.177725145733794 NA NA NA NA NA NA NA NA NA 0.0331593388844169 NA NA NA NA NA NA NA NA NA NA NA NA NA NA NA NA NA 0.0454515268064409 NA NA NA NA NA NA NA NA NA NA NA NA NA NA NA NA
NA -0.113447361851092 0.282655028431487 0.180326382428336 NA NA -0.132872425292829 NA 0.353676370612052 0.0681664526074782 NA NA NA NA NA -0.146739815676186 NA NA NA 0.118774035618109 NA NA NA NA NA NA 0.0739111051781692 NA NA NA NA NA NA NA NA NA NA -0.116935276254925 NA NA NA NA 0.15822811530445 NA NA NA 0.0499658463690113 NA NA NA 0.333241415759407 NA NA NA -0.318180495995071 NA NA NA NA NA NA NA NA NA
NA -0.107411889931136 0.325626536804367 0.086923149729638 NA NA -0.190706878213635 NA 0.30496657105789 NA NA NA NA NA -0.0646463660603271 NA NA NA 0.04956070383624 0.164399304785804 NA NA NA -0.0659779166864812 0.057751015733424 NA 0.144553717259923 NA NA 0.0411801050892147 -0.00751177468863945 NA NA NA NA NA 0.140092215857744 NA NA NA NA NA NA NA NA NA NA NA NA NA 0.0487191090105134 NA NA 0.052314880761547 -0.0640279447570791 NA NA NA NA NA NA -0.0795988517988564 NA NA
NA -0.117900604592464 0.345752168396492 0.0980107619218258 NA NA -0.211537364647843 NA 0.203913772668069 NA NA NA NA NA NA NA NA NA NA 0.123495507244472 NA NA NA NA NA NA 0.00395719916704818 NA NA NA NA NA NA NA NA NA NA NA NA NA NA NA NA NA NA NA NA NA NA NA NA NA NA NA NA NA NA NA NA NA NA NA NA NA
NA NA 0.363951092083809 0.18429319812366 NA NA -0.0806225498066539 -0.0739250261057449 0.36487842238118 NA NA 0.0581650195605024 NA NA NA NA NA NA -0.00134074184151602 NA NA -0.0445546619425179 -0.174354551315721 NA NA NA 0.234896940260348 NA 0.0321035092405445 NA NA NA NA NA 0.0733535356762001 NA NA NA NA NA NA NA NA NA 0.121112209002451 NA NA NA NA NA NA -0.0173796869304527 NA NA NA NA NA 0.00452813516929 NA NA NA -0.104386456779417 NA NA
NA NA 0.31005252225393 0.227584188585861 NA NA -0.160415424124714 NA 0.245619341694419 NA NA NA NA -0.0711470371784134 NA NA NA -0.00523314401206433 NA 0.0820683013663627 NA -0.0830432718977076 -0.00460736651900405 NA NA NA 0.0989852091343118 NA NA NA NA NA NA NA NA NA NA NA NA NA NA NA NA NA NA NA NA 0.079355875525123 NA NA NA NA NA NA NA NA NA NA NA NA NA NA NA NA
NA NA 0.351807086986146 0.151564092940235 -3.48192531729576 2.96159969209547 1.16821510238215 NA 1.58506763280776 NA NA NA NA NA NA NA NA 0.338901130903558 NA 0.102506538069631 NA NA 0.00846002000424167 NA NA NA NA NA 0.0712912019823417 NA -0.0371845944659289 NA NA NA NA NA NA NA NA NA NA NA 0.0640076630972347 NA NA NA NA 0.0910090393653007 NA NA NA NA NA NA NA NA NA NA NA NA NA NA NA NA
NA -0.0615212255737413 0.250030008875714 0.19812169139864 -4.99481718950145 4.4159846561498 1.6724186248778 -0.050665385820947 2.14439927086392 NA NA NA NA NA NA NA NA 0.713292484269087 NA 0.236624716361325 NA NA NA -0.03283655790074 NA NA NA NA NA NA NA NA NA NA NA NA 0.125461862617079 NA NA NA NA NA NA NA NA NA NA NA NA NA NA NA NA 0.00598088564151558 NA NA NA NA NA NA NA NA NA NA
NA NA 0.329412234831254 0.164157707882758 -3.63896374800245 3.12058341260298 1.12424117489254 NA 1.56407983510494 NA NA NA NA NA NA NA NA 0.398783190370004 NA 0.0828891578268254 NA NA NA NA NA NA 0.121384674968148 NA NA 0.0791824215239313 NA NA NA NA NA NA NA NA NA NA NA NA NA NA NA NA NA NA NA NA NA NA NA NA NA 0.11541613535149 NA NA NA NA NA NA 0.0724375937743743 NA
NA NA 0.369129285893134 0.204943317254551 -0.0671457676107013 NA -0.117426599405557 NA 0.283667443972024 NA NA NA NA NA -0.0715088136735691 NA NA NA NA 0.0751416158494561 NA NA NA NA NA NA NA NA NA NA NA NA NA NA NA NA NA NA NA NA NA 0.0756284297729429 NA NA NA NA NA NA NA NA NA NA NA NA NA NA NA 0.0790841128329716 NA NA NA NA NA NA
NA -0.130874435022683 0.326532834520331 0.127697172439646 NA NA -0.224327415326474 -0.0925149244470161 0.348869417089168 0.104073201855108 NA 0.0765699532616531 NA NA NA NA NA NA NA 0.153028333193261 NA NA NA NA NA NA 0.0787714719303471 NA NA 0.075918395777589 NA NA NA NA NA NA NA NA NA NA NA NA NA 0.122537659617287 NA NA NA NA NA NA 0.212056547184965 NA -0.0199158031841667 NA -0.167089251386079 NA NA 0.00750480852490164 NA NA -0.0128212689995969 NA NA NA
NA -0.14712994536799 0.333649715482471 0.199928717099441 NA NA -0.134961460808376 NA 0.296634210030883 NA NA NA 0.10765856697379 NA NA NA NA NA NA 0.11884809134617 NA NA NA NA NA NA NA NA NA NA NA NA NA NA NA NA NA NA NA NA NA NA NA NA NA NA 0.0344266098029773 NA NA NA NA NA NA NA NA NA NA NA NA NA NA NA NA NA
NA -0.0815757216366305 0.323976765753786 0.143370682096802 NA NA -0.153198384800255 NA 0.3118274368924 NA NA 0.0338495856110191 NA NA NA NA NA NA NA 0.153392125867282 NA NA NA NA NA NA 0.102647365700757 NA NA NA NA NA NA NA NA NA NA NA NA NA 0.00245501447849621 NA NA NA NA NA NA NA NA NA NA NA NA NA NA NA NA NA NA NA NA NA NA NA
NA NA 0.396211764426002 0.172408573579012 NA NA -0.143927709184446 NA 0.283701928287835 NA NA 0.0321841178136582 NA NA NA NA NA -0.0661848374530793 0.0150370836047251 0.0747098675601632 NA NA NA NA NA -0.0560352252365112 0.118847840675459 NA NA NA 0.0365765204138434 NA NA NA NA NA NA NA NA NA NA NA NA NA NA NA NA NA NA NA NA NA NA NA NA NA -0.0599672352505722 NA NA -0.000407303788945809 NA NA NA NA
NA NA 0.276555391297867 0.0974770520637781 NA NA -0.126428432283569 NA 0.375719159004346 NA NA 0.0665191157513196 NA -0.0170799129326889 NA NA NA -0.0854467928752928 NA 0.0764710450536945 NA NA NA NA NA NA 0.179587265251827 NA NA NA NA -0.00229569891376682 NA NA NA 0.0954035459087738 NA NA NA NA NA NA NA NA NA NA NA NA NA NA NA NA NA NA NA NA NA NA NA NA NA NA NA NA
-0.0108082751788522 NA 0.382496335120824 0.175459322391007 NA NA NA NA 0.315504241641976 NA NA NA NA NA NA NA 0.225822068865699 NA NA 0.0917005137316735 NA NA NA NA NA NA NA NA NA NA NA NA NA NA NA NA NA 0.0354045629448764 NA NA NA NA NA NA 0.0984483163724565 NA NA 0.0647756689924763 NA NA 0.0995964583333612 NA -0.144271367227882 NA NA NA NA NA 0.116205590704768 NA NA NA NA NA
NA -0.0780908476660522 0.326229490601058 0.174364512944619 NA NA -0.178694715612286 NA 0.232038186803762 NA NA 0.0792790312224171 NA NA NA NA NA -0.0781367289832729 NA 0.143485791280233 NA NA NA NA NA NA NA -0.0269409074056881 NA NA NA NA NA NA NA NA NA NA NA NA NA NA NA NA NA NA NA 0.179263772328597 NA NA NA NA NA NA NA NA NA NA -0.113744193594652 NA NA NA NA NA
NA NA 0.486588578235513 NA NA NA -0.0573933302608931 NA 0.256556464487796 NA NA NA NA NA NA NA NA -0.080855529474517 NA 0.13359566279947 NA 0.111862041046535 NA NA NA NA NA 0.0458407935012742 NA NA NA -0.0449758430557595 -0.0720064819873851 NA NA NA NA NA NA NA NA NA NA NA -0.0179210398813211 NA NA 0.0959186242014466 NA NA NA NA NA NA -0.0407384365276491 NA NA NA NA NA NA NA NA NA
NA -0.124169976450541 0.329018140122681 0.151270042016668 NA NA -0.135830760828611 NA 0.340080742659458 NA 0.0191261051955611 NA NA NA NA NA NA NA NA 0.180208145653221 NA NA 0.243153669157713 -0.371772846840578 NA 0.0145749344659728 NA NA NA NA NA NA NA NA NA NA NA NA NA NA NA NA NA 0.102468302270508 NA NA NA NA NA NA NA NA -0.0859660372670047 NA NA NA 0.087590145679967 NA NA 0.000187480087324457 NA NA NA NA
NA -0.152554645773853 0.303192135645462 0.225033873314419 NA NA -0.233032987008015 NA 0.233735330340114 0.0578907547470127 NA NA NA NA NA NA NA NA NA 0.137976209755104 NA NA 0.197453310574569 -0.227353470090377 NA NA NA 0.0945703953870367 0.0891384927913268 NA NA NA NA NA NA NA NA NA NA NA NA NA 0.0100567526269343 NA NA NA NA NA NA NA NA -0.276435637925031 NA NA NA 0.262273385796329 0.0951915437603908 NA NA NA NA NA NA -0.00944879339771387
NA -0.114374968363431 0.320854756479934 0.217971738713694 -0.913277508356077 0.760019720998112 0.144106762698768 NA 0.592554357336328 NA NA NA NA NA NA 0.113715488497933 NA NA NA 0.140684456049606 NA NA NA -0.068456324772564 NA NA 0.0863341190188361 NA NA 0.0795754053358266 NA NA NA NA -0.0243794368333818 NA NA NA NA NA NA NA NA NA 0.0681716179581073 NA -0.0511403578785147 0.0418565553762753 0.0381500880370247 NA NA NA NA NA NA -0.0944522272452093 0.0707579816907174 NA NA NA NA NA 0.0828919675248191 NA
NA -0.0898131089169512 0.346176045613949 0.143082173885877 -0.417372090472221 0.329998933606882 NA NA 0.448448431439777 NA NA 0.0402222194389563 NA NA NA NA NA -0.0146700953320516 NA 0.180890449885874 NA 0.0271874598262043 NA NA NA NA 0.0581412390398142 NA NA NA NA NA NA NA NA NA NA NA NA NA NA NA NA NA -0.0236589632980158 NA NA NA NA NA NA NA NA NA NA NA NA NA NA NA NA NA NA NA
NA NA 0.327298359237622 0.102859523912762 -0.537171564271791 0.469745967733148 NA NA 0.529184053034718 NA NA 0.135126189699426 NA NA NA NA NA NA 0.072619496852148 0.149900779746839 NA NA NA NA NA NA 0.13948057757895 NA NA NA NA NA NA NA NA NA NA NA NA NA NA NA NA NA NA NA NA NA NA NA NA NA NA NA NA NA NA NA NA NA NA NA NA NA
NA NA 0.33108393396293 0.131481112368392 -0.588964120753359 0.472673641868865 NA NA 0.42277653874798 NA NA 0.0447811301265301 0.0993089097976659 0.0197628465685457 NA NA NA NA NA 0.0674750520996651 NA 0.0158554236321952 NA NA NA -0.0463473650247367 0.115940960944464 NA 0.107566670303704 NA NA NA NA 0.0277905097699781 NA NA NA NA NA NA NA NA 0.0327219653045597 NA NA NA NA NA NA NA NA NA NA NA NA NA NA NA NA NA -0.103234440266714 NA NA NA
NA -0.16638902932174 0.346229129091744 0.171404722926825 -0.566131696722493 0.454421449067342 NA NA 0.423104387356956 0.0727728195771501 NA NA NA NA NA NA NA NA 0.0375628017218103 0.0279370600257422 NA NA NA -0.0386230141405813 NA NA NA NA NA 0.0886648748040889 NA NA NA NA NA NA 0.141760217526273 NA NA NA NA NA NA NA NA NA NA NA NA NA NA NA NA 0.035111404908901 NA NA NA NA NA NA NA NA NA NA
NA -0.0926912462227818 0.313710092844295 0.216033996741538 -0.535833342479869 0.358801949925083 NA NA 0.565111439997208 NA NA 0.0414275965983929 NA NA NA NA NA NA NA NA NA -0.00394971402722517 NA NA NA NA 0.0879121183365657 NA 0.164250344855987 NA NA NA NA NA NA 0.0304143601431166 NA NA NA NA NA -0.142173523133278 0.098166956829864 NA NA NA NA NA NA NA NA NA NA NA NA NA NA NA NA NA NA NA NA NA
NA -0.137130745582055 0.221767572033894 0.151185415977574 -0.737283178957359 0.604510619236808 NA NA 0.500087747959299 0.0932547209797003 NA 0.104311930556216 NA NA NA NA NA NA NA 0.143587835101652 NA 0.0847978251932659 NA -0.0950836593773444 0.0656022838804466 NA 0.102847883725512 NA NA 0.0581341222866234 NA NA NA NA NA NA NA NA 0.0123841816632125 NA NA NA NA NA NA NA NA NA NA NA NA NA NA NA NA NA NA NA NA NA NA NA NA 0.0230541418350332
NA -0.123027043467618 0.342066201630912 0.172229735864138 -0.459562743885247 0.40000640142841 NA NA 0.468027283060865 NA NA 0.0485904447057654 NA -0.0347839028970875 NA NA 0.083774953790696 NA NA 0.128569317083428 NA NA NA 0.0182838209451288 NA NA 0.103646696877554 NA NA NA NA NA NA NA NA NA 0.11383313563176 NA NA NA NA NA NA NA NA NA NA NA NA NA 0.104782786306203 NA NA NA NA NA NA NA NA NA NA NA NA NA
NA -0.0675546850961411 0.466882352917699 NA -0.44587928666638 0.340412148048643 NA NA 0.48396788728875 NA NA NA NA NA NA NA NA NA NA 0.07424943550872 NA NA NA -0.0537580628909247 NA NA 0.111757606528095 NA 0.11708452885742 NA NA NA 0.0569757142440163 NA NA NA NA NA NA NA NA NA NA 0.0400777590402764 NA NA NA NA NA -0.0791142945071408 NA NA NA NA -0.0737525152706821 NA NA NA NA NA NA NA -0.0637342804498728 NA
NA NA 0.313622619233432 0.181973831910048 NA NA -0.148767218196343 NA 0.32101588408209 NA NA 0.0842878030308009 NA NA NA NA NA NA -0.0106890171087289 0.137586981059467 NA NA NA NA NA NA 0.132118077166897 NA NA 0.0566586821210365 NA NA NA NA NA NA 0.1148499447512 NA NA NA NA NA NA NA NA NA NA NA NA NA NA NA NA 0.0664718307504857 NA NA NA NA NA NA NA NA NA NA
NA NA 0.324503128532139 0.102545055312472 NA NA -0.0868529461238558 NA 0.321830767203069 NA NA NA NA NA NA NA NA NA NA 0.0645764979370203 NA NA NA -0.10292780058504 NA NA 0.126756132364296 NA NA 0.0206350297265797 NA NA NA NA NA NA NA NA NA NA 0.0502061804084957 NA NA NA NA -0.038090542330177 NA NA NA NA NA NA NA NA NA NA NA NA NA NA NA -0.0989409580365533 NA NA
NA -0.154876257111966 0.307280068555236 0.151032849967136 NA NA -0.168736199856629 0.00723502642011486 0.299404872442734 NA NA NA NA NA NA NA NA NA 0.0955769943662771 0.0978902990332938 NA 0.0310435100156445 NA -0.110665551237926 NA NA 0.102012022988308 NA 0.0704292181529536 NA NA NA NA NA NA NA NA NA NA NA NA NA NA 0.0815850428746472 NA -0.030979318799057 NA NA NA NA NA -0.0515397938752869 -0.0856808841252888 NA NA NA NA NA -0.0331997153316103 NA NA NA NA NA
NA NA 0.349874533833411 0.213741329668457 NA -0.0455609850688098 -0.150005035144358 NA 0.281085776388136 NA NA NA NA NA NA NA NA NA 0.199703128683863 0.124549498541865 NA NA NA NA NA NA NA NA NA NA -0.0563623866305774 NA NA NA NA NA NA NA NA NA NA NA NA NA NA NA NA NA NA NA NA NA NA NA NA NA 0.0585451917122593 NA NA NA NA NA -0.00780155165790634 NA
NA NA 0.323352180001454 0.186722644192527 NA NA -0.109022849166177 NA 0.277679318509555 NA NA 0.108509889779656 NA NA NA NA NA NA NA 0.0796916622107292 NA NA NA -0.0495774222621973 NA -0.0855329488015387 0.128311258321527 NA NA 0.063506923722207 NA NA NA NA NA NA NA NA NA NA NA NA NA NA NA -0.0122024423020625 NA NA NA NA NA NA NA NA NA 0.0589676244203695 NA NA NA NA -0.00876687069784909 NA NA NA
NA NA 0.385871297844655 0.0839861447889928 -0.171010316722376 NA NA NA 0.540588226018799 NA NA NA NA NA NA NA NA NA NA NA NA NA 0.0802724805736679 -0.256226120562689 NA 0.231948934195081 NA NA 0.121053716677689 NA NA NA 0.0798972471362331 NA NA NA NA -0.042177938529275 NA NA NA NA NA 0.133361627285699 NA NA NA NA NA NA NA -1.0732498387747 NA NA NA 1.04202662221737 NA 0.0927991928962062 0.341660031047046 NA NA 0.339202113251321 NA NA
