0.452770041519671
0.462349945694705
0.504864728628727
0.459986008327621
0.474176044121655
0.521305064059443
0.535402697975911
0.410008592932326
0.475091837664711
0.486558800981603
0.477225343071015
0.381705960178572
0.455879941065221
0.437896590357617
0.466529317829739
0.409309767457452
0.487843128662348
0.443664097831194
0.433891623684952
0.440691527301495
0.405458281063272
0.49831825556983
0.437734964933903
0.445465547164871
0.439861519335017
0.526805909662475
0.388166035123639
0.506933997980996
0.504483388842346
0.494765586545058
0.52459295695112
0.44968956705765
0.45249052166303
0.483596860023278
0.4403660449258
0.481327858324658
0.422077484632617
0.463852182886646
0.486775919257511
0.494045097733588
0.47034619247079
0.463674006555639
0.46712023145935
0.44980400931451
0.476740832263447
0.481838500259327
0.54372244239557
0.560035445888286
0.501891930408724
0.475009047358786
0.488501810316168
0.510490512712985
0.495487231900455
0.454968345130014
0.444690047948449
0.487775630446436
0.502736517315543
0.477658779910307
0.430374137495999
0.447274322965275
0.50909764297322
0.446028619878985
0.465346778241315
0.507623547759443
0.504541391953105
0.470373683103267
0.511597586284174
0.459059646660495
0.467202501830641
0.542025142790917
0.491968673770389
0.525603676613526
0.520369106827967
0.497209194571087
0.474884375307258
0.477509277935172
0.477639692696657
0.438210216377584
0.459767526803163
0.428925936146277
0.472029949275477
0.46041032090484
0.445357879129292
0.472923932986572
0.491621923185787
0.487403941975357
0.45746038201415
0.479784123649062
0.515957422178934
0.485995196478284
0.488455277306566
0.497353129648229
0.584440573955837
0.453278144333246
0.440852499711991
0.461045953085658
0.543563378506427
0.503226541708106
0.40304340828642
0.442527278216725
0.486630269119263
0.449687774093906
0.388627400664358
0.566298340427531
0.445103178848998
0.503517723040795
0.48233210844056
0.470440020904197
0.410441172611496
0.503016379526901
0.470933906962899
0.451887318974656
0.449719752121711
0.429304917756793
0.545321329118412
0.407319127554652
0.479914042693094
0.48366726583867
0.463569467602982
0.55952882478297
0.443877128263257
0.533943914424891
0.469804630235281
0.480587715842034
0.423456433720719
0.475131160706783
0.514529618817089
0.520264751258003
0.501397528243342
0.42855517432741
0.471400103625014
0.496134172978082
0.569712591169213
0.413129487870752
0.459111110627087
0.41382124806532
0.486061206195954
0.529495255538876
0.486500242289784
0.428110522814985
0.440509464590116
0.404217083972448
0.455123535456629
0.541474790768322
0.4539758977522
0.423949296244004
0.518980430230817
0.531148791901177
0.490645085235851
0.462227065258462
0.444235007870736
0.444286928805579
0.448546324000137
0.469657990181459
0.505822131834922
0.44474332591447
0.510641410614264
0.558453337762144
0.506966735582987
0.430621092400497
0.454230426814887
0.482841033581024
0.503094003577886
0.451765843927967
0.478770096756332
0.504983136986964
0.437352714967272
0.474468027208585
0.495271615333487
0.525375285792369
0.429227351316275
0.452226873522731
0.488662499654028
0.484968015624339
0.532445330250523
0.516922395930387
0.600537553484309
0.475160823972038
0.498938646799684
0.505643370156479
0.46745041447719
0.549969871752033
0.476987599259565
0.444459110030799
0.448265488497035
0.381959793447757
0.467936489011712
0.497861828824217
0.484633059647082
0.469448818930802
0.491169331862437
0.421338359947827
0.505408423522664
0.450220754449095
0.482841010159684
0.509986251885143
0.42518471475956
0.504893247820386
0.511511486118144
0.495388142263651
